"","Ground","Date","Year","id","TowReplicate","TowID","Survey.No","Abundance","Density","Volume","Preservative","MeanLengthAdjustment","AdjustedMeanAgeInDays","AdjustedMinDateOfSpawn","AdjustedMaxDateOfSpawn","Lat1","Lon1","Lat2","Lon2","TowTime","AvgTowDepth"
"1","GB",2021-10-03,"2021","GB2021-07",TRUE,26,"4",4,NA,NA,"4% formalin",9.6255825,19.27326042,2021-09-12,2021-09-15,43.57,-66.52,43.56,-66.356,10,16.8
"2","GB",2021-10-03,"2021","GB2021-07",TRUE,26,"4",4,NA,NA,"4% formalin",9.6255825,19.27326042,2021-09-12,2021-09-15,43.57,-66.52,43.56,-66.356,10,16.8
"3","GB",2021-10-03,"2021","GB2021-07",TRUE,26,"4",4,NA,NA,"4% formalin",9.6255825,19.27326042,2021-09-12,2021-09-15,43.57,-66.52,43.56,-66.356,10,16.8
"4","GB",2021-10-03,"2021","GB2021-07",TRUE,26,"4",4,NA,NA,"4% formalin",9.6255825,19.27326042,2021-09-12,2021-09-15,43.57,-66.52,43.56,-66.356,10,16.8
"5","GB",2021-10-18,"2021","GB2021-09",TRUE,27,"5",29,NA,NA,"4% formalin",9.602294286,19.17622619,2021-09-20,2021-10-09,43.57,-66.352,43.56,-66.352,11,15
"6","GB",2021-10-18,"2021","GB2021-09",TRUE,27,"5",29,NA,NA,"4% formalin",9.602294286,19.17622619,2021-09-20,2021-10-09,43.57,-66.352,43.56,-66.352,11,15
"7","GB",2021-10-18,"2021","GB2021-09",TRUE,27,"5",29,NA,NA,"4% formalin",9.602294286,19.17622619,2021-09-20,2021-10-09,43.57,-66.352,43.56,-66.352,11,15
"8","GB",2021-10-18,"2021","GB2021-09",TRUE,27,"5",29,NA,NA,"4% formalin",9.602294286,19.17622619,2021-09-20,2021-10-09,43.57,-66.352,43.56,-66.352,11,15
"9","GB",2021-10-18,"2021","GB2021-09",TRUE,27,"5",29,NA,NA,"4% formalin",9.602294286,19.17622619,2021-09-20,2021-10-09,43.57,-66.352,43.56,-66.352,11,15
"10","GB",2021-10-18,"2021","GB2021-09",TRUE,27,"5",29,NA,NA,"4% formalin",9.602294286,19.17622619,2021-09-20,2021-10-09,43.57,-66.352,43.56,-66.352,11,15
"11","GB",2021-10-18,"2021","GB2021-09",TRUE,27,"5",29,NA,NA,"4% formalin",9.602294286,19.17622619,2021-09-20,2021-10-09,43.57,-66.352,43.56,-66.352,11,15
"12","GB",2021-10-18,"2021","GB2021-09",TRUE,27,"5",29,NA,NA,"4% formalin",9.602294286,19.17622619,2021-09-20,2021-10-09,43.57,-66.352,43.56,-66.352,11,15
"13","GB",2021-10-18,"2021","GB2021-09",TRUE,27,"5",29,NA,NA,"4% formalin",9.602294286,19.17622619,2021-09-20,2021-10-09,43.57,-66.352,43.56,-66.352,11,15
"14","GB",2021-10-18,"2021","GB2021-09",TRUE,27,"5",29,NA,NA,"4% formalin",9.602294286,19.17622619,2021-09-20,2021-10-09,43.57,-66.352,43.56,-66.352,11,15
"15","GB",2021-10-18,"2021","GB2021-09",TRUE,27,"5",29,NA,NA,"4% formalin",9.602294286,19.17622619,2021-09-20,2021-10-09,43.57,-66.352,43.56,-66.352,11,15
"16","GB",2021-10-18,"2021","GB2021-09",TRUE,27,"5",29,NA,NA,"4% formalin",9.602294286,19.17622619,2021-09-20,2021-10-09,43.57,-66.352,43.56,-66.352,11,15
"17","GB",2021-10-18,"2021","GB2021-09",TRUE,27,"5",29,NA,NA,"4% formalin",9.602294286,19.17622619,2021-09-20,2021-10-09,43.57,-66.352,43.56,-66.352,11,15
"18","GB",2021-10-18,"2021","GB2021-09",TRUE,27,"5",29,NA,NA,"4% formalin",9.602294286,19.17622619,2021-09-20,2021-10-09,43.57,-66.352,43.56,-66.352,11,15
"19","GB",2021-10-18,"2021","GB2021-09",TRUE,27,"5",29,NA,NA,"4% formalin",9.602294286,19.17622619,2021-09-20,2021-10-09,43.57,-66.352,43.56,-66.352,11,15
"20","GB",2021-10-18,"2021","GB2021-09",TRUE,27,"5",29,NA,NA,"4% formalin",9.602294286,19.17622619,2021-09-20,2021-10-09,43.57,-66.352,43.56,-66.352,11,15
"21","GB",2021-10-18,"2021","GB2021-09",TRUE,27,"5",29,NA,NA,"4% formalin",9.602294286,19.17622619,2021-09-20,2021-10-09,43.57,-66.352,43.56,-66.352,11,15
"22","GB",2021-10-18,"2021","GB2021-09",TRUE,27,"5",29,NA,NA,"4% formalin",9.602294286,19.17622619,2021-09-20,2021-10-09,43.57,-66.352,43.56,-66.352,11,15
"23","GB",2021-10-18,"2021","GB2021-09",TRUE,27,"5",29,NA,NA,"4% formalin",9.602294286,19.17622619,2021-09-20,2021-10-09,43.57,-66.352,43.56,-66.352,11,15
"24","GB",2021-10-18,"2021","GB2021-09",TRUE,27,"5",29,NA,NA,"4% formalin",9.602294286,19.17622619,2021-09-20,2021-10-09,43.57,-66.352,43.56,-66.352,11,15
"25","GB",2021-10-18,"2021","GB2021-09",TRUE,27,"5",29,NA,NA,"4% formalin",9.602294286,19.17622619,2021-09-20,2021-10-09,43.57,-66.352,43.56,-66.352,11,15
"26","GB",2021-10-18,"2021","GB2021-10",TRUE,27,"5",29,NA,NA,"4% formalin",8.754225,15.64260417,2021-09-21,2021-10-10,43.56,-66.35,43.57,-66.35,10,25.7
"27","GB",2021-10-18,"2021","GB2021-10",TRUE,27,"5",29,NA,NA,"4% formalin",8.754225,15.64260417,2021-09-21,2021-10-10,43.56,-66.35,43.57,-66.35,10,25.7
"28","GB",2021-10-18,"2021","GB2021-10",TRUE,27,"5",29,NA,NA,"4% formalin",8.754225,15.64260417,2021-09-21,2021-10-10,43.56,-66.35,43.57,-66.35,10,25.7
"29","GB",2021-10-18,"2021","GB2021-10",TRUE,27,"5",29,NA,NA,"4% formalin",8.754225,15.64260417,2021-09-21,2021-10-10,43.56,-66.35,43.57,-66.35,10,25.7
"30","GB",2021-10-18,"2021","GB2021-10",TRUE,27,"5",29,NA,NA,"4% formalin",8.754225,15.64260417,2021-09-21,2021-10-10,43.56,-66.35,43.57,-66.35,10,25.7
"31","GB",2021-10-18,"2021","GB2021-10",TRUE,27,"5",29,NA,NA,"4% formalin",8.754225,15.64260417,2021-09-21,2021-10-10,43.56,-66.35,43.57,-66.35,10,25.7
"32","GB",2021-10-18,"2021","GB2021-10",TRUE,27,"5",29,NA,NA,"4% formalin",8.754225,15.64260417,2021-09-21,2021-10-10,43.56,-66.35,43.57,-66.35,10,25.7
"33","GB",2021-10-18,"2021","GB2021-10",TRUE,27,"5",29,NA,NA,"4% formalin",8.754225,15.64260417,2021-09-21,2021-10-10,43.56,-66.35,43.57,-66.35,10,25.7
"34","SB",2017-06-22,"2017","SB2017-01",FALSE,1,"1",275,NA,NA,"4% formalin",9.063409091,16.93087121,2017-05-12,2017-06-23,45.0885,-65.132,45.1419,-65.2168,10,1
"35","SB",2017-06-22,"2017","SB2017-01",FALSE,1,"1",275,NA,NA,"4% formalin",9.063409091,16.93087121,2017-05-12,2017-06-23,45.0885,-65.132,45.1419,-65.2168,10,1
"36","SB",2017-06-22,"2017","SB2017-01",FALSE,1,"1",275,NA,NA,"4% formalin",9.063409091,16.93087121,2017-05-12,2017-06-23,45.0885,-65.132,45.1419,-65.2168,10,1
"37","SB",2017-06-22,"2017","SB2017-01",FALSE,1,"1",275,NA,NA,"4% formalin",9.063409091,16.93087121,2017-05-12,2017-06-23,45.0885,-65.132,45.1419,-65.2168,10,1
"38","SB",2017-06-22,"2017","SB2017-01",FALSE,1,"1",275,NA,NA,"4% formalin",9.063409091,16.93087121,2017-05-12,2017-06-23,45.0885,-65.132,45.1419,-65.2168,10,1
"39","SB",2017-06-22,"2017","SB2017-01",FALSE,1,"1",275,NA,NA,"4% formalin",9.063409091,16.93087121,2017-05-12,2017-06-23,45.0885,-65.132,45.1419,-65.2168,10,1
"40","SB",2017-06-22,"2017","SB2017-01",FALSE,1,"1",275,NA,NA,"4% formalin",9.063409091,16.93087121,2017-05-12,2017-06-23,45.0885,-65.132,45.1419,-65.2168,10,1
"41","SB",2017-06-22,"2017","SB2017-01",FALSE,1,"1",275,NA,NA,"4% formalin",9.063409091,16.93087121,2017-05-12,2017-06-23,45.0885,-65.132,45.1419,-65.2168,10,1
"42","SB",2017-06-22,"2017","SB2017-01",FALSE,1,"1",275,NA,NA,"4% formalin",9.063409091,16.93087121,2017-05-12,2017-06-23,45.0885,-65.132,45.1419,-65.2168,10,1
"43","SB",2017-06-22,"2017","SB2017-01",FALSE,1,"1",275,NA,NA,"4% formalin",9.063409091,16.93087121,2017-05-12,2017-06-23,45.0885,-65.132,45.1419,-65.2168,10,1
"44","SB",2017-06-22,"2017","SB2017-01",FALSE,1,"1",275,NA,NA,"4% formalin",9.063409091,16.93087121,2017-05-12,2017-06-23,45.0885,-65.132,45.1419,-65.2168,10,1
"45","SB",2017-06-22,"2017","SB2017-01",FALSE,1,"1",275,NA,NA,"4% formalin",9.063409091,16.93087121,2017-05-12,2017-06-23,45.0885,-65.132,45.1419,-65.2168,10,1
"46","SB",2017-06-22,"2017","SB2017-01",FALSE,1,"1",275,NA,NA,"4% formalin",9.063409091,16.93087121,2017-05-12,2017-06-23,45.0885,-65.132,45.1419,-65.2168,10,1
"47","SB",2017-06-22,"2017","SB2017-01",FALSE,1,"1",275,NA,NA,"4% formalin",9.063409091,16.93087121,2017-05-12,2017-06-23,45.0885,-65.132,45.1419,-65.2168,10,1
"48","SB",2017-06-22,"2017","SB2017-01",FALSE,1,"1",275,NA,NA,"4% formalin",9.063409091,16.93087121,2017-05-12,2017-06-23,45.0885,-65.132,45.1419,-65.2168,10,1
"49","SB",2017-06-22,"2017","SB2017-01",FALSE,1,"1",275,NA,NA,"4% formalin",9.063409091,16.93087121,2017-05-12,2017-06-23,45.0885,-65.132,45.1419,-65.2168,10,1
"50","SB",2017-06-22,"2017","SB2017-01",FALSE,1,"1",275,NA,NA,"4% formalin",9.063409091,16.93087121,2017-05-12,2017-06-23,45.0885,-65.132,45.1419,-65.2168,10,1
"51","SB",2017-06-22,"2017","SB2017-01",FALSE,1,"1",275,NA,NA,"4% formalin",9.063409091,16.93087121,2017-05-12,2017-06-23,45.0885,-65.132,45.1419,-65.2168,10,1
"52","SB",2017-06-22,"2017","SB2017-01",FALSE,1,"1",275,NA,NA,"4% formalin",9.063409091,16.93087121,2017-05-12,2017-06-23,45.0885,-65.132,45.1419,-65.2168,10,1
"53","SB",2017-06-22,"2017","SB2017-01",FALSE,1,"1",275,NA,NA,"4% formalin",9.063409091,16.93087121,2017-05-12,2017-06-23,45.0885,-65.132,45.1419,-65.2168,10,1
"54","SB",2017-06-22,"2017","SB2017-01",FALSE,1,"1",275,NA,NA,"4% formalin",9.063409091,16.93087121,2017-05-12,2017-06-23,45.0885,-65.132,45.1419,-65.2168,10,1
"55","SB",2017-06-22,"2017","SB2017-01",FALSE,1,"1",275,NA,NA,"4% formalin",9.063409091,16.93087121,2017-05-12,2017-06-23,45.0885,-65.132,45.1419,-65.2168,10,1
"56","SB",2017-06-22,"2017","SB2017-01",FALSE,1,"1",275,NA,NA,"4% formalin",9.063409091,16.93087121,2017-05-12,2017-06-23,45.0885,-65.132,45.1419,-65.2168,10,1
"57","SB",2017-06-22,"2017","SB2017-01",FALSE,1,"1",275,NA,NA,"4% formalin",9.063409091,16.93087121,2017-05-12,2017-06-23,45.0885,-65.132,45.1419,-65.2168,10,1
"58","SB",2017-06-22,"2017","SB2017-01",FALSE,1,"1",275,NA,NA,"4% formalin",9.063409091,16.93087121,2017-05-12,2017-06-23,45.0885,-65.132,45.1419,-65.2168,10,1
"59","SB",2017-06-22,"2017","SB2017-01",FALSE,1,"1",275,NA,NA,"4% formalin",9.063409091,16.93087121,2017-05-12,2017-06-23,45.0885,-65.132,45.1419,-65.2168,10,1
"60","SB",2017-06-22,"2017","SB2017-01",FALSE,1,"1",275,NA,NA,"4% formalin",9.063409091,16.93087121,2017-05-12,2017-06-23,45.0885,-65.132,45.1419,-65.2168,10,1
"61","SB",2017-06-22,"2017","SB2017-01",FALSE,1,"1",275,NA,NA,"4% formalin",9.063409091,16.93087121,2017-05-12,2017-06-23,45.0885,-65.132,45.1419,-65.2168,10,1
"62","SB",2017-06-22,"2017","SB2017-01",FALSE,1,"1",275,NA,NA,"4% formalin",9.063409091,16.93087121,2017-05-12,2017-06-23,45.0885,-65.132,45.1419,-65.2168,10,1
"63","SB",2017-06-22,"2017","SB2017-01",FALSE,1,"1",275,NA,NA,"4% formalin",9.063409091,16.93087121,2017-05-12,2017-06-23,45.0885,-65.132,45.1419,-65.2168,10,1
"64","SB",2017-06-22,"2017","SB2017-01",FALSE,1,"1",275,NA,NA,"4% formalin",9.063409091,16.93087121,2017-05-12,2017-06-23,45.0885,-65.132,45.1419,-65.2168,10,1
"65","SB",2017-06-22,"2017","SB2017-01",FALSE,1,"1",275,NA,NA,"4% formalin",9.063409091,16.93087121,2017-05-12,2017-06-23,45.0885,-65.132,45.1419,-65.2168,10,1
"66","SB",2017-06-22,"2017","SB2017-01",FALSE,1,"1",275,NA,NA,"4% formalin",9.063409091,16.93087121,2017-05-12,2017-06-23,45.0885,-65.132,45.1419,-65.2168,10,1
"67","SB",2017-06-22,"2017","SB2017-01",FALSE,1,"1",275,NA,NA,"4% formalin",9.063409091,16.93087121,2017-05-12,2017-06-23,45.0885,-65.132,45.1419,-65.2168,10,1
"68","SB",2017-06-22,"2017","SB2017-01",FALSE,1,"1",275,NA,NA,"4% formalin",9.063409091,16.93087121,2017-05-12,2017-06-23,45.0885,-65.132,45.1419,-65.2168,10,1
"69","SB",2017-06-22,"2017","SB2017-01",FALSE,1,"1",275,NA,NA,"4% formalin",9.063409091,16.93087121,2017-05-12,2017-06-23,45.0885,-65.132,45.1419,-65.2168,10,1
"70","SB",2017-06-22,"2017","SB2017-01",FALSE,1,"1",275,NA,NA,"4% formalin",9.063409091,16.93087121,2017-05-12,2017-06-23,45.0885,-65.132,45.1419,-65.2168,10,1
"71","SB",2017-06-22,"2017","SB2017-01",FALSE,1,"1",275,NA,NA,"4% formalin",9.063409091,16.93087121,2017-05-12,2017-06-23,45.0885,-65.132,45.1419,-65.2168,10,1
"72","SB",2017-06-22,"2017","SB2017-01",FALSE,1,"1",275,NA,NA,"4% formalin",9.063409091,16.93087121,2017-05-12,2017-06-23,45.0885,-65.132,45.1419,-65.2168,10,1
"73","SB",2017-06-22,"2017","SB2017-01",FALSE,1,"1",275,NA,NA,"4% formalin",9.063409091,16.93087121,2017-05-12,2017-06-23,45.0885,-65.132,45.1419,-65.2168,10,1
"74","SB",2017-06-22,"2017","SB2017-01",FALSE,1,"1",275,NA,NA,"4% formalin",9.063409091,16.93087121,2017-05-12,2017-06-23,45.0885,-65.132,45.1419,-65.2168,10,1
"75","SB",2017-06-22,"2017","SB2017-01",FALSE,1,"1",275,NA,NA,"4% formalin",9.063409091,16.93087121,2017-05-12,2017-06-23,45.0885,-65.132,45.1419,-65.2168,10,1
"76","SB",2017-06-22,"2017","SB2017-01",FALSE,1,"1",275,NA,NA,"4% formalin",9.063409091,16.93087121,2017-05-12,2017-06-23,45.0885,-65.132,45.1419,-65.2168,10,1
"77","SB",2017-06-22,"2017","SB2017-01",FALSE,1,"1",275,NA,NA,"4% formalin",9.063409091,16.93087121,2017-05-12,2017-06-23,45.0885,-65.132,45.1419,-65.2168,10,1
"78","SB",2017-06-22,"2017","SB2017-01",FALSE,1,"1",275,NA,NA,"4% formalin",9.063409091,16.93087121,2017-05-12,2017-06-23,45.0885,-65.132,45.1419,-65.2168,10,1
"79","SB",2017-06-22,"2017","SB2017-01",FALSE,1,"1",275,NA,NA,"4% formalin",9.063409091,16.93087121,2017-05-12,2017-06-23,45.0885,-65.132,45.1419,-65.2168,10,1
"80","SB",2017-06-22,"2017","SB2017-01",FALSE,1,"1",275,NA,NA,"4% formalin",9.063409091,16.93087121,2017-05-12,2017-06-23,45.0885,-65.132,45.1419,-65.2168,10,1
"81","SB",2017-06-22,"2017","SB2017-01",FALSE,1,"1",275,NA,NA,"4% formalin",9.063409091,16.93087121,2017-05-12,2017-06-23,45.0885,-65.132,45.1419,-65.2168,10,1
"82","SB",2017-06-22,"2017","SB2017-01",FALSE,1,"1",275,NA,NA,"4% formalin",9.063409091,16.93087121,2017-05-12,2017-06-23,45.0885,-65.132,45.1419,-65.2168,10,1
"83","SB",2017-06-22,"2017","SB2017-01",FALSE,1,"1",275,NA,NA,"4% formalin",9.063409091,16.93087121,2017-05-12,2017-06-23,45.0885,-65.132,45.1419,-65.2168,10,1
"84","SB",2017-06-22,"2017","SB2017-01",FALSE,1,"1",275,NA,NA,"4% formalin",9.063409091,16.93087121,2017-05-12,2017-06-23,45.0885,-65.132,45.1419,-65.2168,10,1
"85","SB",2017-06-22,"2017","SB2017-01",FALSE,1,"1",275,NA,NA,"4% formalin",9.063409091,16.93087121,2017-05-12,2017-06-23,45.0885,-65.132,45.1419,-65.2168,10,1
"86","SB",2017-06-22,"2017","SB2017-01",FALSE,1,"1",275,NA,NA,"4% formalin",9.063409091,16.93087121,2017-05-12,2017-06-23,45.0885,-65.132,45.1419,-65.2168,10,1
"87","SB",2017-06-22,"2017","SB2017-01",FALSE,1,"1",275,NA,NA,"4% formalin",9.063409091,16.93087121,2017-05-12,2017-06-23,45.0885,-65.132,45.1419,-65.2168,10,1
"88","SB",2017-06-22,"2017","SB2017-01",FALSE,1,"1",275,NA,NA,"4% formalin",9.063409091,16.93087121,2017-05-12,2017-06-23,45.0885,-65.132,45.1419,-65.2168,10,1
"89","SB",2017-06-22,"2017","SB2017-01",FALSE,1,"1",275,NA,NA,"4% formalin",9.063409091,16.93087121,2017-05-12,2017-06-23,45.0885,-65.132,45.1419,-65.2168,10,1
"90","SB",2017-06-22,"2017","SB2017-01",FALSE,1,"1",275,NA,NA,"4% formalin",9.063409091,16.93087121,2017-05-12,2017-06-23,45.0885,-65.132,45.1419,-65.2168,10,1
"91","SB",2017-06-22,"2017","SB2017-01",FALSE,1,"1",275,NA,NA,"4% formalin",9.063409091,16.93087121,2017-05-12,2017-06-23,45.0885,-65.132,45.1419,-65.2168,10,1
"92","SB",2017-06-22,"2017","SB2017-01",FALSE,1,"1",275,NA,NA,"4% formalin",9.063409091,16.93087121,2017-05-12,2017-06-23,45.0885,-65.132,45.1419,-65.2168,10,1
"93","SB",2017-06-22,"2017","SB2017-01",FALSE,1,"1",275,NA,NA,"4% formalin",9.063409091,16.93087121,2017-05-12,2017-06-23,45.0885,-65.132,45.1419,-65.2168,10,1
"94","SB",2017-06-22,"2017","SB2017-01",FALSE,1,"1",275,NA,NA,"4% formalin",9.063409091,16.93087121,2017-05-12,2017-06-23,45.0885,-65.132,45.1419,-65.2168,10,1
"95","SB",2017-06-22,"2017","SB2017-01",FALSE,1,"1",275,NA,NA,"4% formalin",9.063409091,16.93087121,2017-05-12,2017-06-23,45.0885,-65.132,45.1419,-65.2168,10,1
"96","SB",2017-06-22,"2017","SB2017-01",FALSE,1,"1",275,NA,NA,"4% formalin",9.063409091,16.93087121,2017-05-12,2017-06-23,45.0885,-65.132,45.1419,-65.2168,10,1
"97","SB",2017-06-22,"2017","SB2017-01",FALSE,1,"1",275,NA,NA,"4% formalin",9.063409091,16.93087121,2017-05-12,2017-06-23,45.0885,-65.132,45.1419,-65.2168,10,1
"98","SB",2017-06-22,"2017","SB2017-01",FALSE,1,"1",275,NA,NA,"4% formalin",9.063409091,16.93087121,2017-05-12,2017-06-23,45.0885,-65.132,45.1419,-65.2168,10,1
"99","SB",2017-06-22,"2017","SB2017-01",FALSE,1,"1",275,NA,NA,"4% formalin",9.063409091,16.93087121,2017-05-12,2017-06-23,45.0885,-65.132,45.1419,-65.2168,10,1
"100","SB",2017-06-22,"2017","SB2017-01",FALSE,1,"1",275,NA,NA,"4% formalin",9.063409091,16.93087121,2017-05-12,2017-06-23,45.0885,-65.132,45.1419,-65.2168,10,1
"101","SB",2017-06-22,"2017","SB2017-01",FALSE,1,"1",275,NA,NA,"4% formalin",9.063409091,16.93087121,2017-05-12,2017-06-23,45.0885,-65.132,45.1419,-65.2168,10,1
"102","SB",2017-06-22,"2017","SB2017-01",FALSE,1,"1",275,NA,NA,"4% formalin",9.063409091,16.93087121,2017-05-12,2017-06-23,45.0885,-65.132,45.1419,-65.2168,10,1
"103","SB",2017-06-22,"2017","SB2017-01",FALSE,1,"1",275,NA,NA,"4% formalin",9.063409091,16.93087121,2017-05-12,2017-06-23,45.0885,-65.132,45.1419,-65.2168,10,1
"104","SB",2017-06-22,"2017","SB2017-01",FALSE,1,"1",275,NA,NA,"4% formalin",9.063409091,16.93087121,2017-05-12,2017-06-23,45.0885,-65.132,45.1419,-65.2168,10,1
"105","SB",2017-06-22,"2017","SB2017-01",FALSE,1,"1",275,NA,NA,"4% formalin",9.063409091,16.93087121,2017-05-12,2017-06-23,45.0885,-65.132,45.1419,-65.2168,10,1
"106","SB",2017-06-22,"2017","SB2017-01",FALSE,1,"1",275,NA,NA,"4% formalin",9.063409091,16.93087121,2017-05-12,2017-06-23,45.0885,-65.132,45.1419,-65.2168,10,1
"107","SB",2017-06-22,"2017","SB2017-01",FALSE,1,"1",275,NA,NA,"4% formalin",9.063409091,16.93087121,2017-05-12,2017-06-23,45.0885,-65.132,45.1419,-65.2168,10,1
"108","SB",2017-06-22,"2017","SB2017-01",FALSE,1,"1",275,NA,NA,"4% formalin",9.063409091,16.93087121,2017-05-12,2017-06-23,45.0885,-65.132,45.1419,-65.2168,10,1
"109","SB",2017-06-22,"2017","SB2017-01",FALSE,1,"1",275,NA,NA,"4% formalin",9.063409091,16.93087121,2017-05-12,2017-06-23,45.0885,-65.132,45.1419,-65.2168,10,1
"110","SB",2017-06-22,"2017","SB2017-01",FALSE,1,"1",275,NA,NA,"4% formalin",9.063409091,16.93087121,2017-05-12,2017-06-23,45.0885,-65.132,45.1419,-65.2168,10,1
"111","SB",2017-06-22,"2017","SB2017-01",FALSE,1,"1",275,NA,NA,"4% formalin",9.063409091,16.93087121,2017-05-12,2017-06-23,45.0885,-65.132,45.1419,-65.2168,10,1
"112","SB",2017-06-22,"2017","SB2017-01",FALSE,1,"1",275,NA,NA,"4% formalin",9.063409091,16.93087121,2017-05-12,2017-06-23,45.0885,-65.132,45.1419,-65.2168,10,1
"113","SB",2017-06-22,"2017","SB2017-01",FALSE,1,"1",275,NA,NA,"4% formalin",9.063409091,16.93087121,2017-05-12,2017-06-23,45.0885,-65.132,45.1419,-65.2168,10,1
"114","SB",2017-06-22,"2017","SB2017-01",FALSE,1,"1",275,NA,NA,"4% formalin",9.063409091,16.93087121,2017-05-12,2017-06-23,45.0885,-65.132,45.1419,-65.2168,10,1
"115","SB",2017-06-22,"2017","SB2017-01",FALSE,1,"1",275,NA,NA,"4% formalin",9.063409091,16.93087121,2017-05-12,2017-06-23,45.0885,-65.132,45.1419,-65.2168,10,1
"116","SB",2017-06-22,"2017","SB2017-01",FALSE,1,"1",275,NA,NA,"4% formalin",9.063409091,16.93087121,2017-05-12,2017-06-23,45.0885,-65.132,45.1419,-65.2168,10,1
"117","SB",2017-06-22,"2017","SB2017-01",FALSE,1,"1",275,NA,NA,"4% formalin",9.063409091,16.93087121,2017-05-12,2017-06-23,45.0885,-65.132,45.1419,-65.2168,10,1
"118","SB",2017-06-22,"2017","SB2017-01",FALSE,1,"1",275,NA,NA,"4% formalin",9.063409091,16.93087121,2017-05-12,2017-06-23,45.0885,-65.132,45.1419,-65.2168,10,1
"119","SB",2017-06-22,"2017","SB2017-01",FALSE,1,"1",275,NA,NA,"4% formalin",9.063409091,16.93087121,2017-05-12,2017-06-23,45.0885,-65.132,45.1419,-65.2168,10,1
"120","SB",2017-06-22,"2017","SB2017-01",FALSE,1,"1",275,NA,NA,"4% formalin",9.063409091,16.93087121,2017-05-12,2017-06-23,45.0885,-65.132,45.1419,-65.2168,10,1
"121","SB",2017-06-22,"2017","SB2017-01",FALSE,1,"1",275,NA,NA,"4% formalin",9.063409091,16.93087121,2017-05-12,2017-06-23,45.0885,-65.132,45.1419,-65.2168,10,1
"122","SB",2017-06-22,"2017","SB2017-01",FALSE,1,"1",275,NA,NA,"4% formalin",9.063409091,16.93087121,2017-05-12,2017-06-23,45.0885,-65.132,45.1419,-65.2168,10,1
"123","SB",2017-06-22,"2017","SB2017-01",FALSE,1,"1",275,NA,NA,"4% formalin",9.063409091,16.93087121,2017-05-12,2017-06-23,45.0885,-65.132,45.1419,-65.2168,10,1
"124","SB",2017-06-22,"2017","SB2017-01",FALSE,1,"1",275,NA,NA,"4% formalin",9.063409091,16.93087121,2017-05-12,2017-06-23,45.0885,-65.132,45.1419,-65.2168,10,1
"125","SB",2017-06-22,"2017","SB2017-01",FALSE,1,"1",275,NA,NA,"4% formalin",9.063409091,16.93087121,2017-05-12,2017-06-23,45.0885,-65.132,45.1419,-65.2168,10,1
"126","SB",2017-06-22,"2017","SB2017-01",FALSE,1,"1",275,NA,NA,"4% formalin",9.063409091,16.93087121,2017-05-12,2017-06-23,45.0885,-65.132,45.1419,-65.2168,10,1
"127","SB",2017-06-22,"2017","SB2017-01",FALSE,1,"1",275,NA,NA,"4% formalin",9.063409091,16.93087121,2017-05-12,2017-06-23,45.0885,-65.132,45.1419,-65.2168,10,1
"128","SB",2017-06-22,"2017","SB2017-01",FALSE,1,"1",275,NA,NA,"4% formalin",9.063409091,16.93087121,2017-05-12,2017-06-23,45.0885,-65.132,45.1419,-65.2168,10,1
"129","SB",2017-06-22,"2017","SB2017-01",FALSE,1,"1",275,NA,NA,"4% formalin",9.063409091,16.93087121,2017-05-12,2017-06-23,45.0885,-65.132,45.1419,-65.2168,10,1
"130","SB",2017-06-22,"2017","SB2017-01",FALSE,1,"1",275,NA,NA,"4% formalin",9.063409091,16.93087121,2017-05-12,2017-06-23,45.0885,-65.132,45.1419,-65.2168,10,1
"131","SB",2017-06-22,"2017","SB2017-01",FALSE,1,"1",275,NA,NA,"4% formalin",9.063409091,16.93087121,2017-05-12,2017-06-23,45.0885,-65.132,45.1419,-65.2168,10,1
"132","SB",2017-06-22,"2017","SB2017-01",FALSE,1,"1",275,NA,NA,"4% formalin",9.063409091,16.93087121,2017-05-12,2017-06-23,45.0885,-65.132,45.1419,-65.2168,10,1
"133","SB",2017-06-22,"2017","SB2017-01",FALSE,1,"1",275,NA,NA,"4% formalin",9.063409091,16.93087121,2017-05-12,2017-06-23,45.0885,-65.132,45.1419,-65.2168,10,1
"134","SB",2017-06-22,"2017","SB2017-01",FALSE,1,"1",275,NA,NA,"4% formalin",9.063409091,16.93087121,2017-05-12,2017-06-23,45.0885,-65.132,45.1419,-65.2168,10,1
"135","SB",2017-06-22,"2017","SB2017-01",FALSE,1,"1",275,NA,NA,"4% formalin",9.063409091,16.93087121,2017-05-12,2017-06-23,45.0885,-65.132,45.1419,-65.2168,10,1
"136","SB",2017-06-22,"2017","SB2017-01",FALSE,1,"1",275,NA,NA,"4% formalin",9.063409091,16.93087121,2017-05-12,2017-06-23,45.0885,-65.132,45.1419,-65.2168,10,1
"137","SB",2017-06-22,"2017","SB2017-01",FALSE,1,"1",275,NA,NA,"4% formalin",9.063409091,16.93087121,2017-05-12,2017-06-23,45.0885,-65.132,45.1419,-65.2168,10,1
"138","SB",2017-06-22,"2017","SB2017-01",FALSE,1,"1",275,NA,NA,"4% formalin",9.063409091,16.93087121,2017-05-12,2017-06-23,45.0885,-65.132,45.1419,-65.2168,10,1
"139","SB",2017-06-22,"2017","SB2017-01",FALSE,1,"1",275,NA,NA,"4% formalin",9.063409091,16.93087121,2017-05-12,2017-06-23,45.0885,-65.132,45.1419,-65.2168,10,1
"140","SB",2017-06-22,"2017","SB2017-01",FALSE,1,"1",275,NA,NA,"4% formalin",9.063409091,16.93087121,2017-05-12,2017-06-23,45.0885,-65.132,45.1419,-65.2168,10,1
"141","SB",2017-06-22,"2017","SB2017-01",FALSE,1,"1",275,NA,NA,"4% formalin",9.063409091,16.93087121,2017-05-12,2017-06-23,45.0885,-65.132,45.1419,-65.2168,10,1
"142","SB",2017-06-22,"2017","SB2017-01",FALSE,1,"1",275,NA,NA,"4% formalin",9.063409091,16.93087121,2017-05-12,2017-06-23,45.0885,-65.132,45.1419,-65.2168,10,1
"143","SB",2017-06-22,"2017","SB2017-01",FALSE,1,"1",275,NA,NA,"4% formalin",9.063409091,16.93087121,2017-05-12,2017-06-23,45.0885,-65.132,45.1419,-65.2168,10,1
"144","SB",2017-06-22,"2017","SB2017-01",FALSE,1,"1",275,NA,NA,"4% formalin",9.063409091,16.93087121,2017-05-12,2017-06-23,45.0885,-65.132,45.1419,-65.2168,10,1
"145","SB",2017-06-22,"2017","SB2017-01",FALSE,1,"1",275,NA,NA,"4% formalin",9.063409091,16.93087121,2017-05-12,2017-06-23,45.0885,-65.132,45.1419,-65.2168,10,1
"146","SB",2017-06-22,"2017","SB2017-01",FALSE,1,"1",275,NA,NA,"4% formalin",9.063409091,16.93087121,2017-05-12,2017-06-23,45.0885,-65.132,45.1419,-65.2168,10,1
"147","SB",2017-06-22,"2017","SB2017-01",FALSE,1,"1",275,NA,NA,"4% formalin",9.063409091,16.93087121,2017-05-12,2017-06-23,45.0885,-65.132,45.1419,-65.2168,10,1
"148","SB",2017-06-22,"2017","SB2017-01",FALSE,1,"1",275,NA,NA,"4% formalin",9.063409091,16.93087121,2017-05-12,2017-06-23,45.0885,-65.132,45.1419,-65.2168,10,1
"149","SB",2017-06-22,"2017","SB2017-01",FALSE,1,"1",275,NA,NA,"4% formalin",9.063409091,16.93087121,2017-05-12,2017-06-23,45.0885,-65.132,45.1419,-65.2168,10,1
"150","SB",2017-06-22,"2017","SB2017-01",FALSE,1,"1",275,NA,NA,"4% formalin",9.063409091,16.93087121,2017-05-12,2017-06-23,45.0885,-65.132,45.1419,-65.2168,10,1
"151","SB",2017-06-22,"2017","SB2017-01",FALSE,1,"1",275,NA,NA,"4% formalin",9.063409091,16.93087121,2017-05-12,2017-06-23,45.0885,-65.132,45.1419,-65.2168,10,1
"152","SB",2017-06-22,"2017","SB2017-01",FALSE,1,"1",275,NA,NA,"4% formalin",9.063409091,16.93087121,2017-05-12,2017-06-23,45.0885,-65.132,45.1419,-65.2168,10,1
"153","SB",2017-06-22,"2017","SB2017-01",FALSE,1,"1",275,NA,NA,"4% formalin",9.063409091,16.93087121,2017-05-12,2017-06-23,45.0885,-65.132,45.1419,-65.2168,10,1
"154","SB",2017-06-22,"2017","SB2017-01",FALSE,1,"1",275,NA,NA,"4% formalin",9.063409091,16.93087121,2017-05-12,2017-06-23,45.0885,-65.132,45.1419,-65.2168,10,1
"155","SB",2017-06-22,"2017","SB2017-01",FALSE,1,"1",275,NA,NA,"4% formalin",9.063409091,16.93087121,2017-05-12,2017-06-23,45.0885,-65.132,45.1419,-65.2168,10,1
"156","SB",2017-06-22,"2017","SB2017-01",FALSE,1,"1",275,NA,NA,"4% formalin",9.063409091,16.93087121,2017-05-12,2017-06-23,45.0885,-65.132,45.1419,-65.2168,10,1
"157","SB",2017-06-22,"2017","SB2017-01",FALSE,1,"1",275,NA,NA,"4% formalin",9.063409091,16.93087121,2017-05-12,2017-06-23,45.0885,-65.132,45.1419,-65.2168,10,1
"158","SB",2017-06-22,"2017","SB2017-01",FALSE,1,"1",275,NA,NA,"4% formalin",9.063409091,16.93087121,2017-05-12,2017-06-23,45.0885,-65.132,45.1419,-65.2168,10,1
"159","SB",2017-06-22,"2017","SB2017-01",FALSE,1,"1",275,NA,NA,"4% formalin",9.063409091,16.93087121,2017-05-12,2017-06-23,45.0885,-65.132,45.1419,-65.2168,10,1
"160","SB",2017-06-22,"2017","SB2017-01",FALSE,1,"1",275,NA,NA,"4% formalin",9.063409091,16.93087121,2017-05-12,2017-06-23,45.0885,-65.132,45.1419,-65.2168,10,1
"161","SB",2017-06-22,"2017","SB2017-01",FALSE,1,"1",275,NA,NA,"4% formalin",9.063409091,16.93087121,2017-05-12,2017-06-23,45.0885,-65.132,45.1419,-65.2168,10,1
"162","SB",2017-06-22,"2017","SB2017-01",FALSE,1,"1",275,NA,NA,"4% formalin",9.063409091,16.93087121,2017-05-12,2017-06-23,45.0885,-65.132,45.1419,-65.2168,10,1
"163","SB",2017-06-22,"2017","SB2017-01",FALSE,1,"1",275,NA,NA,"4% formalin",9.063409091,16.93087121,2017-05-12,2017-06-23,45.0885,-65.132,45.1419,-65.2168,10,1
"164","SB",2017-06-22,"2017","SB2017-01",FALSE,1,"1",275,NA,NA,"4% formalin",9.063409091,16.93087121,2017-05-12,2017-06-23,45.0885,-65.132,45.1419,-65.2168,10,1
"165","SB",2017-06-22,"2017","SB2017-01",FALSE,1,"1",275,NA,NA,"4% formalin",9.063409091,16.93087121,2017-05-12,2017-06-23,45.0885,-65.132,45.1419,-65.2168,10,1
"166","SB",2017-06-22,"2017","SB2017-01",FALSE,1,"1",275,NA,NA,"4% formalin",9.063409091,16.93087121,2017-05-12,2017-06-23,45.0885,-65.132,45.1419,-65.2168,10,1
"167","SB",2017-06-22,"2017","SB2017-01",FALSE,1,"1",275,NA,NA,"4% formalin",9.063409091,16.93087121,2017-05-12,2017-06-23,45.0885,-65.132,45.1419,-65.2168,10,1
"168","SB",2017-06-22,"2017","SB2017-01",FALSE,1,"1",275,NA,NA,"4% formalin",9.063409091,16.93087121,2017-05-12,2017-06-23,45.0885,-65.132,45.1419,-65.2168,10,1
"169","SB",2017-06-22,"2017","SB2017-01",FALSE,1,"1",275,NA,NA,"4% formalin",9.063409091,16.93087121,2017-05-12,2017-06-23,45.0885,-65.132,45.1419,-65.2168,10,1
"170","SB",2017-06-22,"2017","SB2017-01",FALSE,1,"1",275,NA,NA,"4% formalin",9.063409091,16.93087121,2017-05-12,2017-06-23,45.0885,-65.132,45.1419,-65.2168,10,1
"171","SB",2017-06-22,"2017","SB2017-01",FALSE,1,"1",275,NA,NA,"4% formalin",9.063409091,16.93087121,2017-05-12,2017-06-23,45.0885,-65.132,45.1419,-65.2168,10,1
"172","SB",2017-06-22,"2017","SB2017-01",FALSE,1,"1",275,NA,NA,"4% formalin",9.063409091,16.93087121,2017-05-12,2017-06-23,45.0885,-65.132,45.1419,-65.2168,10,1
"173","SB",2017-06-22,"2017","SB2017-01",FALSE,1,"1",275,NA,NA,"4% formalin",9.063409091,16.93087121,2017-05-12,2017-06-23,45.0885,-65.132,45.1419,-65.2168,10,1
"174","SB",2017-06-22,"2017","SB2017-01",FALSE,1,"1",275,NA,NA,"4% formalin",9.063409091,16.93087121,2017-05-12,2017-06-23,45.0885,-65.132,45.1419,-65.2168,10,1
"175","SB",2017-06-22,"2017","SB2017-01",FALSE,1,"1",275,NA,NA,"4% formalin",9.063409091,16.93087121,2017-05-12,2017-06-23,45.0885,-65.132,45.1419,-65.2168,10,1
"176","SB",2017-06-22,"2017","SB2017-01",FALSE,1,"1",275,NA,NA,"4% formalin",9.063409091,16.93087121,2017-05-12,2017-06-23,45.0885,-65.132,45.1419,-65.2168,10,1
"177","SB",2017-06-22,"2017","SB2017-01",FALSE,1,"1",275,NA,NA,"4% formalin",9.063409091,16.93087121,2017-05-12,2017-06-23,45.0885,-65.132,45.1419,-65.2168,10,1
"178","SB",2017-06-22,"2017","SB2017-01",FALSE,1,"1",275,NA,NA,"4% formalin",9.063409091,16.93087121,2017-05-12,2017-06-23,45.0885,-65.132,45.1419,-65.2168,10,1
"179","SB",2017-06-22,"2017","SB2017-01",FALSE,1,"1",275,NA,NA,"4% formalin",9.063409091,16.93087121,2017-05-12,2017-06-23,45.0885,-65.132,45.1419,-65.2168,10,1
"180","SB",2017-06-22,"2017","SB2017-01",FALSE,1,"1",275,NA,NA,"4% formalin",9.063409091,16.93087121,2017-05-12,2017-06-23,45.0885,-65.132,45.1419,-65.2168,10,1
"181","SB",2017-06-22,"2017","SB2017-01",FALSE,1,"1",275,NA,NA,"4% formalin",9.063409091,16.93087121,2017-05-12,2017-06-23,45.0885,-65.132,45.1419,-65.2168,10,1
"182","SB",2017-06-22,"2017","SB2017-01",FALSE,1,"1",275,NA,NA,"4% formalin",9.063409091,16.93087121,2017-05-12,2017-06-23,45.0885,-65.132,45.1419,-65.2168,10,1
"183","SB",2017-06-22,"2017","SB2017-01",FALSE,1,"1",275,NA,NA,"4% formalin",9.063409091,16.93087121,2017-05-12,2017-06-23,45.0885,-65.132,45.1419,-65.2168,10,1
"184","SB",2017-06-22,"2017","SB2017-01",FALSE,1,"1",275,NA,NA,"4% formalin",9.063409091,16.93087121,2017-05-12,2017-06-23,45.0885,-65.132,45.1419,-65.2168,10,1
"185","SB",2017-06-22,"2017","SB2017-01",FALSE,1,"1",275,NA,NA,"4% formalin",9.063409091,16.93087121,2017-05-12,2017-06-23,45.0885,-65.132,45.1419,-65.2168,10,1
"186","SB",2017-06-22,"2017","SB2017-01",FALSE,1,"1",275,NA,NA,"4% formalin",9.063409091,16.93087121,2017-05-12,2017-06-23,45.0885,-65.132,45.1419,-65.2168,10,1
"187","SB",2017-06-22,"2017","SB2017-01",FALSE,1,"1",275,NA,NA,"4% formalin",9.063409091,16.93087121,2017-05-12,2017-06-23,45.0885,-65.132,45.1419,-65.2168,10,1
"188","SB",2017-06-22,"2017","SB2017-01",FALSE,1,"1",275,NA,NA,"4% formalin",9.063409091,16.93087121,2017-05-12,2017-06-23,45.0885,-65.132,45.1419,-65.2168,10,1
"189","SB",2017-06-22,"2017","SB2017-01",FALSE,1,"1",275,NA,NA,"4% formalin",9.063409091,16.93087121,2017-05-12,2017-06-23,45.0885,-65.132,45.1419,-65.2168,10,1
"190","SB",2017-06-22,"2017","SB2017-01",FALSE,1,"1",275,NA,NA,"4% formalin",9.063409091,16.93087121,2017-05-12,2017-06-23,45.0885,-65.132,45.1419,-65.2168,10,1
"191","SB",2017-06-22,"2017","SB2017-01",FALSE,1,"1",275,NA,NA,"4% formalin",9.063409091,16.93087121,2017-05-12,2017-06-23,45.0885,-65.132,45.1419,-65.2168,10,1
"192","SB",2017-06-22,"2017","SB2017-01",FALSE,1,"1",275,NA,NA,"4% formalin",9.063409091,16.93087121,2017-05-12,2017-06-23,45.0885,-65.132,45.1419,-65.2168,10,1
"193","SB",2017-06-22,"2017","SB2017-01",FALSE,1,"1",275,NA,NA,"4% formalin",9.063409091,16.93087121,2017-05-12,2017-06-23,45.0885,-65.132,45.1419,-65.2168,10,1
"194","SB",2017-06-22,"2017","SB2017-01",FALSE,1,"1",275,NA,NA,"4% formalin",9.063409091,16.93087121,2017-05-12,2017-06-23,45.0885,-65.132,45.1419,-65.2168,10,1
"195","SB",2017-06-22,"2017","SB2017-01",FALSE,1,"1",275,NA,NA,"4% formalin",9.063409091,16.93087121,2017-05-12,2017-06-23,45.0885,-65.132,45.1419,-65.2168,10,1
"196","SB",2017-06-22,"2017","SB2017-01",FALSE,1,"1",275,NA,NA,"4% formalin",9.063409091,16.93087121,2017-05-12,2017-06-23,45.0885,-65.132,45.1419,-65.2168,10,1
"197","SB",2017-06-22,"2017","SB2017-01",FALSE,1,"1",275,NA,NA,"4% formalin",9.063409091,16.93087121,2017-05-12,2017-06-23,45.0885,-65.132,45.1419,-65.2168,10,1
"198","SB",2017-06-22,"2017","SB2017-01",FALSE,1,"1",275,NA,NA,"4% formalin",9.063409091,16.93087121,2017-05-12,2017-06-23,45.0885,-65.132,45.1419,-65.2168,10,1
"199","SB",2017-06-22,"2017","SB2017-01",FALSE,1,"1",275,NA,NA,"4% formalin",9.063409091,16.93087121,2017-05-12,2017-06-23,45.0885,-65.132,45.1419,-65.2168,10,1
"200","SB",2017-06-22,"2017","SB2017-01",FALSE,1,"1",275,NA,NA,"4% formalin",9.063409091,16.93087121,2017-05-12,2017-06-23,45.0885,-65.132,45.1419,-65.2168,10,1
"201","SB",2017-06-22,"2017","SB2017-01",FALSE,1,"1",275,NA,NA,"4% formalin",9.063409091,16.93087121,2017-05-12,2017-06-23,45.0885,-65.132,45.1419,-65.2168,10,1
"202","SB",2017-06-22,"2017","SB2017-01",FALSE,1,"1",275,NA,NA,"4% formalin",9.063409091,16.93087121,2017-05-12,2017-06-23,45.0885,-65.132,45.1419,-65.2168,10,1
"203","SB",2017-06-22,"2017","SB2017-01",FALSE,1,"1",275,NA,NA,"4% formalin",9.063409091,16.93087121,2017-05-12,2017-06-23,45.0885,-65.132,45.1419,-65.2168,10,1
"204","SB",2017-06-22,"2017","SB2017-01",FALSE,1,"1",275,NA,NA,"4% formalin",9.063409091,16.93087121,2017-05-12,2017-06-23,45.0885,-65.132,45.1419,-65.2168,10,1
"205","SB",2017-06-22,"2017","SB2017-01",FALSE,1,"1",275,NA,NA,"4% formalin",9.063409091,16.93087121,2017-05-12,2017-06-23,45.0885,-65.132,45.1419,-65.2168,10,1
"206","SB",2017-06-22,"2017","SB2017-01",FALSE,1,"1",275,NA,NA,"4% formalin",9.063409091,16.93087121,2017-05-12,2017-06-23,45.0885,-65.132,45.1419,-65.2168,10,1
"207","SB",2017-06-22,"2017","SB2017-01",FALSE,1,"1",275,NA,NA,"4% formalin",9.063409091,16.93087121,2017-05-12,2017-06-23,45.0885,-65.132,45.1419,-65.2168,10,1
"208","SB",2017-06-22,"2017","SB2017-01",FALSE,1,"1",275,NA,NA,"4% formalin",9.063409091,16.93087121,2017-05-12,2017-06-23,45.0885,-65.132,45.1419,-65.2168,10,1
"209","SB",2017-06-22,"2017","SB2017-01",FALSE,1,"1",275,NA,NA,"4% formalin",9.063409091,16.93087121,2017-05-12,2017-06-23,45.0885,-65.132,45.1419,-65.2168,10,1
"210","SB",2017-06-22,"2017","SB2017-01",FALSE,1,"1",275,NA,NA,"4% formalin",9.063409091,16.93087121,2017-05-12,2017-06-23,45.0885,-65.132,45.1419,-65.2168,10,1
"211","SB",2017-06-22,"2017","SB2017-01",FALSE,1,"1",275,NA,NA,"4% formalin",9.063409091,16.93087121,2017-05-12,2017-06-23,45.0885,-65.132,45.1419,-65.2168,10,1
"212","SB",2017-06-22,"2017","SB2017-01",FALSE,1,"1",275,NA,NA,"4% formalin",9.063409091,16.93087121,2017-05-12,2017-06-23,45.0885,-65.132,45.1419,-65.2168,10,1
"213","SB",2017-06-22,"2017","SB2017-01",FALSE,1,"1",275,NA,NA,"4% formalin",9.063409091,16.93087121,2017-05-12,2017-06-23,45.0885,-65.132,45.1419,-65.2168,10,1
"214","SB",2017-06-22,"2017","SB2017-01",FALSE,1,"1",275,NA,NA,"4% formalin",9.063409091,16.93087121,2017-05-12,2017-06-23,45.0885,-65.132,45.1419,-65.2168,10,1
"215","SB",2017-06-22,"2017","SB2017-01",FALSE,1,"1",275,NA,NA,"4% formalin",9.063409091,16.93087121,2017-05-12,2017-06-23,45.0885,-65.132,45.1419,-65.2168,10,1
"216","SB",2017-06-22,"2017","SB2017-01",FALSE,1,"1",275,NA,NA,"4% formalin",9.063409091,16.93087121,2017-05-12,2017-06-23,45.0885,-65.132,45.1419,-65.2168,10,1
"217","SB",2017-06-22,"2017","SB2017-01",FALSE,1,"1",275,NA,NA,"4% formalin",9.063409091,16.93087121,2017-05-12,2017-06-23,45.0885,-65.132,45.1419,-65.2168,10,1
"218","SB",2017-06-22,"2017","SB2017-01",FALSE,1,"1",275,NA,NA,"4% formalin",9.063409091,16.93087121,2017-05-12,2017-06-23,45.0885,-65.132,45.1419,-65.2168,10,1
"219","SB",2017-06-22,"2017","SB2017-01",FALSE,1,"1",275,NA,NA,"4% formalin",9.063409091,16.93087121,2017-05-12,2017-06-23,45.0885,-65.132,45.1419,-65.2168,10,1
"220","SB",2017-06-22,"2017","SB2017-01",FALSE,1,"1",275,NA,NA,"4% formalin",9.063409091,16.93087121,2017-05-12,2017-06-23,45.0885,-65.132,45.1419,-65.2168,10,1
"221","SB",2017-06-22,"2017","SB2017-01",FALSE,1,"1",275,NA,NA,"4% formalin",9.063409091,16.93087121,2017-05-12,2017-06-23,45.0885,-65.132,45.1419,-65.2168,10,1
"222","SB",2017-06-22,"2017","SB2017-01",FALSE,1,"1",275,NA,NA,"4% formalin",9.063409091,16.93087121,2017-05-12,2017-06-23,45.0885,-65.132,45.1419,-65.2168,10,1
"223","SB",2017-06-22,"2017","SB2017-01",FALSE,1,"1",275,NA,NA,"4% formalin",9.063409091,16.93087121,2017-05-12,2017-06-23,45.0885,-65.132,45.1419,-65.2168,10,1
"224","SB",2017-06-22,"2017","SB2017-01",FALSE,1,"1",275,NA,NA,"4% formalin",9.063409091,16.93087121,2017-05-12,2017-06-23,45.0885,-65.132,45.1419,-65.2168,10,1
"225","SB",2017-06-22,"2017","SB2017-01",FALSE,1,"1",275,NA,NA,"4% formalin",9.063409091,16.93087121,2017-05-12,2017-06-23,45.0885,-65.132,45.1419,-65.2168,10,1
"226","SB",2017-06-22,"2017","SB2017-01",FALSE,1,"1",275,NA,NA,"4% formalin",9.063409091,16.93087121,2017-05-12,2017-06-23,45.0885,-65.132,45.1419,-65.2168,10,1
"227","SB",2017-06-22,"2017","SB2017-01",FALSE,1,"1",275,NA,NA,"4% formalin",9.063409091,16.93087121,2017-05-12,2017-06-23,45.0885,-65.132,45.1419,-65.2168,10,1
"228","SB",2017-06-22,"2017","SB2017-01",FALSE,1,"1",275,NA,NA,"4% formalin",9.063409091,16.93087121,2017-05-12,2017-06-23,45.0885,-65.132,45.1419,-65.2168,10,1
"229","SB",2017-06-22,"2017","SB2017-01",FALSE,1,"1",275,NA,NA,"4% formalin",9.063409091,16.93087121,2017-05-12,2017-06-23,45.0885,-65.132,45.1419,-65.2168,10,1
"230","SB",2017-06-22,"2017","SB2017-01",FALSE,1,"1",275,NA,NA,"4% formalin",9.063409091,16.93087121,2017-05-12,2017-06-23,45.0885,-65.132,45.1419,-65.2168,10,1
"231","SB",2017-06-22,"2017","SB2017-01",FALSE,1,"1",275,NA,NA,"4% formalin",9.063409091,16.93087121,2017-05-12,2017-06-23,45.0885,-65.132,45.1419,-65.2168,10,1
"232","SB",2017-06-22,"2017","SB2017-01",FALSE,1,"1",275,NA,NA,"4% formalin",9.063409091,16.93087121,2017-05-12,2017-06-23,45.0885,-65.132,45.1419,-65.2168,10,1
"233","SB",2017-06-22,"2017","SB2017-01",FALSE,1,"1",275,NA,NA,"4% formalin",9.063409091,16.93087121,2017-05-12,2017-06-23,45.0885,-65.132,45.1419,-65.2168,10,1
"234","SB",2017-06-22,"2017","SB2017-01",FALSE,1,"1",275,NA,NA,"4% formalin",9.063409091,16.93087121,2017-05-12,2017-06-23,45.0885,-65.132,45.1419,-65.2168,10,1
"235","SB",2017-06-22,"2017","SB2017-01",FALSE,1,"1",275,NA,NA,"4% formalin",9.063409091,16.93087121,2017-05-12,2017-06-23,45.0885,-65.132,45.1419,-65.2168,10,1
"236","SB",2017-06-22,"2017","SB2017-01",FALSE,1,"1",275,NA,NA,"4% formalin",9.063409091,16.93087121,2017-05-12,2017-06-23,45.0885,-65.132,45.1419,-65.2168,10,1
"237","SB",2017-06-22,"2017","SB2017-01",FALSE,1,"1",275,NA,NA,"4% formalin",9.063409091,16.93087121,2017-05-12,2017-06-23,45.0885,-65.132,45.1419,-65.2168,10,1
"238","SB",2017-06-22,"2017","SB2017-01",FALSE,1,"1",275,NA,NA,"4% formalin",9.063409091,16.93087121,2017-05-12,2017-06-23,45.0885,-65.132,45.1419,-65.2168,10,1
"239","SB",2017-06-22,"2017","SB2017-01",FALSE,1,"1",275,NA,NA,"4% formalin",9.063409091,16.93087121,2017-05-12,2017-06-23,45.0885,-65.132,45.1419,-65.2168,10,1
"240","SB",2017-06-22,"2017","SB2017-01",FALSE,1,"1",275,NA,NA,"4% formalin",9.063409091,16.93087121,2017-05-12,2017-06-23,45.0885,-65.132,45.1419,-65.2168,10,1
"241","SB",2017-06-22,"2017","SB2017-01",FALSE,1,"1",275,NA,NA,"4% formalin",9.063409091,16.93087121,2017-05-12,2017-06-23,45.0885,-65.132,45.1419,-65.2168,10,1
"242","SB",2017-06-22,"2017","SB2017-01",FALSE,1,"1",275,NA,NA,"4% formalin",9.063409091,16.93087121,2017-05-12,2017-06-23,45.0885,-65.132,45.1419,-65.2168,10,1
"243","SB",2017-06-22,"2017","SB2017-01",FALSE,1,"1",275,NA,NA,"4% formalin",9.063409091,16.93087121,2017-05-12,2017-06-23,45.0885,-65.132,45.1419,-65.2168,10,1
"244","SB",2017-06-22,"2017","SB2017-01",FALSE,1,"1",275,NA,NA,"4% formalin",9.063409091,16.93087121,2017-05-12,2017-06-23,45.0885,-65.132,45.1419,-65.2168,10,1
"245","SB",2017-06-22,"2017","SB2017-01",FALSE,1,"1",275,NA,NA,"4% formalin",9.063409091,16.93087121,2017-05-12,2017-06-23,45.0885,-65.132,45.1419,-65.2168,10,1
"246","SB",2017-06-22,"2017","SB2017-01",FALSE,1,"1",275,NA,NA,"4% formalin",9.063409091,16.93087121,2017-05-12,2017-06-23,45.0885,-65.132,45.1419,-65.2168,10,1
"247","SB",2017-06-22,"2017","SB2017-01",FALSE,1,"1",275,NA,NA,"4% formalin",9.063409091,16.93087121,2017-05-12,2017-06-23,45.0885,-65.132,45.1419,-65.2168,10,1
"248","SB",2017-06-22,"2017","SB2017-01",FALSE,1,"1",275,NA,NA,"4% formalin",9.063409091,16.93087121,2017-05-12,2017-06-23,45.0885,-65.132,45.1419,-65.2168,10,1
"249","SB",2017-06-22,"2017","SB2017-01",FALSE,1,"1",275,NA,NA,"4% formalin",9.063409091,16.93087121,2017-05-12,2017-06-23,45.0885,-65.132,45.1419,-65.2168,10,1
"250","SB",2017-06-22,"2017","SB2017-01",FALSE,1,"1",275,NA,NA,"4% formalin",9.063409091,16.93087121,2017-05-12,2017-06-23,45.0885,-65.132,45.1419,-65.2168,10,1
"251","SB",2017-06-22,"2017","SB2017-01",FALSE,1,"1",275,NA,NA,"4% formalin",9.063409091,16.93087121,2017-05-12,2017-06-23,45.0885,-65.132,45.1419,-65.2168,10,1
"252","SB",2017-06-22,"2017","SB2017-01",FALSE,1,"1",275,NA,NA,"4% formalin",9.063409091,16.93087121,2017-05-12,2017-06-23,45.0885,-65.132,45.1419,-65.2168,10,1
"253","SB",2017-06-22,"2017","SB2017-01",FALSE,1,"1",275,NA,NA,"4% formalin",9.063409091,16.93087121,2017-05-12,2017-06-23,45.0885,-65.132,45.1419,-65.2168,10,1
"254","SB",2017-06-22,"2017","SB2017-01",FALSE,1,"1",275,NA,NA,"4% formalin",9.063409091,16.93087121,2017-05-12,2017-06-23,45.0885,-65.132,45.1419,-65.2168,10,1
"255","SB",2017-06-22,"2017","SB2017-01",FALSE,1,"1",275,NA,NA,"4% formalin",9.063409091,16.93087121,2017-05-12,2017-06-23,45.0885,-65.132,45.1419,-65.2168,10,1
"256","SB",2017-06-22,"2017","SB2017-01",FALSE,1,"1",275,NA,NA,"4% formalin",9.063409091,16.93087121,2017-05-12,2017-06-23,45.0885,-65.132,45.1419,-65.2168,10,1
"257","SB",2017-06-22,"2017","SB2017-01",FALSE,1,"1",275,NA,NA,"4% formalin",9.063409091,16.93087121,2017-05-12,2017-06-23,45.0885,-65.132,45.1419,-65.2168,10,1
"258","SB",2017-06-22,"2017","SB2017-01",FALSE,1,"1",275,NA,NA,"4% formalin",9.063409091,16.93087121,2017-05-12,2017-06-23,45.0885,-65.132,45.1419,-65.2168,10,1
"259","SB",2017-06-22,"2017","SB2017-01",FALSE,1,"1",275,NA,NA,"4% formalin",9.063409091,16.93087121,2017-05-12,2017-06-23,45.0885,-65.132,45.1419,-65.2168,10,1
"260","SB",2017-06-22,"2017","SB2017-01",FALSE,1,"1",275,NA,NA,"4% formalin",9.063409091,16.93087121,2017-05-12,2017-06-23,45.0885,-65.132,45.1419,-65.2168,10,1
"261","SB",2017-06-22,"2017","SB2017-01",FALSE,1,"1",275,NA,NA,"4% formalin",9.063409091,16.93087121,2017-05-12,2017-06-23,45.0885,-65.132,45.1419,-65.2168,10,1
"262","SB",2017-06-22,"2017","SB2017-01",FALSE,1,"1",275,NA,NA,"4% formalin",9.063409091,16.93087121,2017-05-12,2017-06-23,45.0885,-65.132,45.1419,-65.2168,10,1
"263","SB",2017-06-22,"2017","SB2017-01",FALSE,1,"1",275,NA,NA,"4% formalin",9.063409091,16.93087121,2017-05-12,2017-06-23,45.0885,-65.132,45.1419,-65.2168,10,1
"264","SB",2017-06-22,"2017","SB2017-01",FALSE,1,"1",275,NA,NA,"4% formalin",9.063409091,16.93087121,2017-05-12,2017-06-23,45.0885,-65.132,45.1419,-65.2168,10,1
"265","SB",2017-06-22,"2017","SB2017-01",FALSE,1,"1",275,NA,NA,"4% formalin",9.063409091,16.93087121,2017-05-12,2017-06-23,45.0885,-65.132,45.1419,-65.2168,10,1
"266","SB",2017-06-22,"2017","SB2017-01",FALSE,1,"1",275,NA,NA,"4% formalin",9.063409091,16.93087121,2017-05-12,2017-06-23,45.0885,-65.132,45.1419,-65.2168,10,1
"267","SB",2017-06-22,"2017","SB2017-01",FALSE,1,"1",275,NA,NA,"4% formalin",9.063409091,16.93087121,2017-05-12,2017-06-23,45.0885,-65.132,45.1419,-65.2168,10,1
"268","SB",2017-06-22,"2017","SB2017-01",FALSE,1,"1",275,NA,NA,"4% formalin",9.063409091,16.93087121,2017-05-12,2017-06-23,45.0885,-65.132,45.1419,-65.2168,10,1
"269","SB",2017-06-22,"2017","SB2017-01",FALSE,1,"1",275,NA,NA,"4% formalin",9.063409091,16.93087121,2017-05-12,2017-06-23,45.0885,-65.132,45.1419,-65.2168,10,1
"270","SB",2017-06-22,"2017","SB2017-01",FALSE,1,"1",275,NA,NA,"4% formalin",9.063409091,16.93087121,2017-05-12,2017-06-23,45.0885,-65.132,45.1419,-65.2168,10,1
"271","SB",2017-06-22,"2017","SB2017-01",FALSE,1,"1",275,NA,NA,"4% formalin",9.063409091,16.93087121,2017-05-12,2017-06-23,45.0885,-65.132,45.1419,-65.2168,10,1
"272","SB",2017-06-22,"2017","SB2017-01",FALSE,1,"1",275,NA,NA,"4% formalin",9.063409091,16.93087121,2017-05-12,2017-06-23,45.0885,-65.132,45.1419,-65.2168,10,1
"273","SB",2017-06-22,"2017","SB2017-01",FALSE,1,"1",275,NA,NA,"4% formalin",9.063409091,16.93087121,2017-05-12,2017-06-23,45.0885,-65.132,45.1419,-65.2168,10,1
"274","SB",2017-06-22,"2017","SB2017-01",FALSE,1,"1",275,NA,NA,"4% formalin",9.063409091,16.93087121,2017-05-12,2017-06-23,45.0885,-65.132,45.1419,-65.2168,10,1
"275","SB",2017-06-22,"2017","SB2017-01",FALSE,1,"1",275,NA,NA,"4% formalin",9.063409091,16.93087121,2017-05-12,2017-06-23,45.0885,-65.132,45.1419,-65.2168,10,1
"276","SB",2017-06-22,"2017","SB2017-01",FALSE,1,"1",275,NA,NA,"4% formalin",9.063409091,16.93087121,2017-05-12,2017-06-23,45.0885,-65.132,45.1419,-65.2168,10,1
"277","SB",2017-06-22,"2017","SB2017-01",FALSE,1,"1",275,NA,NA,"4% formalin",9.063409091,16.93087121,2017-05-12,2017-06-23,45.0885,-65.132,45.1419,-65.2168,10,1
"278","SB",2017-06-22,"2017","SB2017-01",FALSE,1,"1",275,NA,NA,"4% formalin",9.063409091,16.93087121,2017-05-12,2017-06-23,45.0885,-65.132,45.1419,-65.2168,10,1
"279","SB",2017-06-22,"2017","SB2017-01",FALSE,1,"1",275,NA,NA,"4% formalin",9.063409091,16.93087121,2017-05-12,2017-06-23,45.0885,-65.132,45.1419,-65.2168,10,1
"280","SB",2017-06-22,"2017","SB2017-01",FALSE,1,"1",275,NA,NA,"4% formalin",9.063409091,16.93087121,2017-05-12,2017-06-23,45.0885,-65.132,45.1419,-65.2168,10,1
"281","SB",2017-06-22,"2017","SB2017-01",FALSE,1,"1",275,NA,NA,"4% formalin",9.063409091,16.93087121,2017-05-12,2017-06-23,45.0885,-65.132,45.1419,-65.2168,10,1
"282","SB",2017-06-22,"2017","SB2017-01",FALSE,1,"1",275,NA,NA,"4% formalin",9.063409091,16.93087121,2017-05-12,2017-06-23,45.0885,-65.132,45.1419,-65.2168,10,1
"283","SB",2017-06-22,"2017","SB2017-01",FALSE,1,"1",275,NA,NA,"4% formalin",9.063409091,16.93087121,2017-05-12,2017-06-23,45.0885,-65.132,45.1419,-65.2168,10,1
"284","SB",2017-06-22,"2017","SB2017-01",FALSE,1,"1",275,NA,NA,"4% formalin",9.063409091,16.93087121,2017-05-12,2017-06-23,45.0885,-65.132,45.1419,-65.2168,10,1
"285","SB",2017-06-22,"2017","SB2017-01",FALSE,1,"1",275,NA,NA,"4% formalin",9.063409091,16.93087121,2017-05-12,2017-06-23,45.0885,-65.132,45.1419,-65.2168,10,1
"286","SB",2017-06-22,"2017","SB2017-01",FALSE,1,"1",275,NA,NA,"4% formalin",9.063409091,16.93087121,2017-05-12,2017-06-23,45.0885,-65.132,45.1419,-65.2168,10,1
"287","SB",2017-06-22,"2017","SB2017-01",FALSE,1,"1",275,NA,NA,"4% formalin",9.063409091,16.93087121,2017-05-12,2017-06-23,45.0885,-65.132,45.1419,-65.2168,10,1
"288","SB",2017-06-22,"2017","SB2017-01",FALSE,1,"1",275,NA,NA,"4% formalin",9.063409091,16.93087121,2017-05-12,2017-06-23,45.0885,-65.132,45.1419,-65.2168,10,1
"289","SB",2017-06-22,"2017","SB2017-01",FALSE,1,"1",275,NA,NA,"4% formalin",9.063409091,16.93087121,2017-05-12,2017-06-23,45.0885,-65.132,45.1419,-65.2168,10,1
"290","SB",2017-06-22,"2017","SB2017-01",FALSE,1,"1",275,NA,NA,"4% formalin",9.063409091,16.93087121,2017-05-12,2017-06-23,45.0885,-65.132,45.1419,-65.2168,10,1
"291","SB",2017-06-22,"2017","SB2017-01",FALSE,1,"1",275,NA,NA,"4% formalin",9.063409091,16.93087121,2017-05-12,2017-06-23,45.0885,-65.132,45.1419,-65.2168,10,1
"292","SB",2017-06-22,"2017","SB2017-01",FALSE,1,"1",275,NA,NA,"4% formalin",9.063409091,16.93087121,2017-05-12,2017-06-23,45.0885,-65.132,45.1419,-65.2168,10,1
"293","SB",2017-06-22,"2017","SB2017-01",FALSE,1,"1",275,NA,NA,"4% formalin",9.063409091,16.93087121,2017-05-12,2017-06-23,45.0885,-65.132,45.1419,-65.2168,10,1
"294","SB",2017-06-22,"2017","SB2017-01",FALSE,1,"1",275,NA,NA,"4% formalin",9.063409091,16.93087121,2017-05-12,2017-06-23,45.0885,-65.132,45.1419,-65.2168,10,1
"295","SB",2017-06-22,"2017","SB2017-01",FALSE,1,"1",275,NA,NA,"4% formalin",9.063409091,16.93087121,2017-05-12,2017-06-23,45.0885,-65.132,45.1419,-65.2168,10,1
"296","SB",2017-06-22,"2017","SB2017-01",FALSE,1,"1",275,NA,NA,"4% formalin",9.063409091,16.93087121,2017-05-12,2017-06-23,45.0885,-65.132,45.1419,-65.2168,10,1
"297","SB",2017-06-22,"2017","SB2017-01",FALSE,1,"1",275,NA,NA,"4% formalin",9.063409091,16.93087121,2017-05-12,2017-06-23,45.0885,-65.132,45.1419,-65.2168,10,1
"298","SB",2017-06-22,"2017","SB2017-01",FALSE,1,"1",275,NA,NA,"4% formalin",9.063409091,16.93087121,2017-05-12,2017-06-23,45.0885,-65.132,45.1419,-65.2168,10,1
"299","SB",2017-06-22,"2017","SB2017-01",FALSE,1,"1",275,NA,NA,"4% formalin",9.063409091,16.93087121,2017-05-12,2017-06-23,45.0885,-65.132,45.1419,-65.2168,10,1
"300","SB",2017-06-22,"2017","SB2017-01",FALSE,1,"1",275,NA,NA,"4% formalin",9.063409091,16.93087121,2017-05-12,2017-06-23,45.0885,-65.132,45.1419,-65.2168,10,1
"301","SB",2017-06-22,"2017","SB2017-01",FALSE,1,"1",275,NA,NA,"4% formalin",9.063409091,16.93087121,2017-05-12,2017-06-23,45.0885,-65.132,45.1419,-65.2168,10,1
"302","SB",2017-06-22,"2017","SB2017-01",FALSE,1,"1",275,NA,NA,"4% formalin",9.063409091,16.93087121,2017-05-12,2017-06-23,45.0885,-65.132,45.1419,-65.2168,10,1
"303","SB",2017-06-22,"2017","SB2017-01",FALSE,1,"1",275,NA,NA,"4% formalin",9.063409091,16.93087121,2017-05-12,2017-06-23,45.0885,-65.132,45.1419,-65.2168,10,1
"304","SB",2017-06-22,"2017","SB2017-01",FALSE,1,"1",275,NA,NA,"4% formalin",9.063409091,16.93087121,2017-05-12,2017-06-23,45.0885,-65.132,45.1419,-65.2168,10,1
"305","SB",2017-06-22,"2017","SB2017-01",FALSE,1,"1",275,NA,NA,"4% formalin",9.063409091,16.93087121,2017-05-12,2017-06-23,45.0885,-65.132,45.1419,-65.2168,10,1
"306","SB",2017-06-22,"2017","SB2017-01",FALSE,1,"1",275,NA,NA,"4% formalin",9.063409091,16.93087121,2017-05-12,2017-06-23,45.0885,-65.132,45.1419,-65.2168,10,1
"307","SB",2017-06-22,"2017","SB2017-01",FALSE,1,"1",275,NA,NA,"4% formalin",9.063409091,16.93087121,2017-05-12,2017-06-23,45.0885,-65.132,45.1419,-65.2168,10,1
"308","SB",2017-06-22,"2017","SB2017-01",FALSE,1,"1",275,NA,NA,"4% formalin",9.063409091,16.93087121,2017-05-12,2017-06-23,45.0885,-65.132,45.1419,-65.2168,10,1
"309","SB",2017-07-15,"2017","SB2017-02",FALSE,2,"3",21,NA,NA,"4% formalin",10.67166071,23.63191964,2017-06-05,2017-07-01,45.094583,-65.2667,NA,NA,NA,NA
"310","SB",2017-07-15,"2017","SB2017-02",FALSE,2,"3",21,NA,NA,"4% formalin",10.67166071,23.63191964,2017-06-05,2017-07-01,45.094583,-65.2667,NA,NA,NA,NA
"311","SB",2017-07-15,"2017","SB2017-02",FALSE,2,"3",21,NA,NA,"4% formalin",10.67166071,23.63191964,2017-06-05,2017-07-01,45.094583,-65.2667,NA,NA,NA,NA
"312","SB",2017-07-15,"2017","SB2017-02",FALSE,2,"3",21,NA,NA,"4% formalin",10.67166071,23.63191964,2017-06-05,2017-07-01,45.094583,-65.2667,NA,NA,NA,NA
"313","SB",2017-07-15,"2017","SB2017-02",FALSE,2,"3",21,NA,NA,"4% formalin",10.67166071,23.63191964,2017-06-05,2017-07-01,45.094583,-65.2667,NA,NA,NA,NA
"314","SB",2017-07-15,"2017","SB2017-02",FALSE,2,"3",21,NA,NA,"4% formalin",10.67166071,23.63191964,2017-06-05,2017-07-01,45.094583,-65.2667,NA,NA,NA,NA
"315","SB",2017-07-15,"2017","SB2017-02",FALSE,2,"3",21,NA,NA,"4% formalin",10.67166071,23.63191964,2017-06-05,2017-07-01,45.094583,-65.2667,NA,NA,NA,NA
"316","SB",2017-07-15,"2017","SB2017-02",FALSE,2,"3",21,NA,NA,"4% formalin",10.67166071,23.63191964,2017-06-05,2017-07-01,45.094583,-65.2667,NA,NA,NA,NA
"317","SB",2017-07-15,"2017","SB2017-02",FALSE,2,"3",21,NA,NA,"4% formalin",10.67166071,23.63191964,2017-06-05,2017-07-01,45.094583,-65.2667,NA,NA,NA,NA
"318","SB",2017-07-15,"2017","SB2017-02",FALSE,2,"3",21,NA,NA,"4% formalin",10.67166071,23.63191964,2017-06-05,2017-07-01,45.094583,-65.2667,NA,NA,NA,NA
"319","SB",2017-07-15,"2017","SB2017-02",FALSE,2,"3",21,NA,NA,"4% formalin",10.67166071,23.63191964,2017-06-05,2017-07-01,45.094583,-65.2667,NA,NA,NA,NA
"320","SB",2017-07-15,"2017","SB2017-02",FALSE,2,"3",21,NA,NA,"4% formalin",10.67166071,23.63191964,2017-06-05,2017-07-01,45.094583,-65.2667,NA,NA,NA,NA
"321","SB",2017-07-15,"2017","SB2017-02",FALSE,2,"3",21,NA,NA,"4% formalin",10.67166071,23.63191964,2017-06-05,2017-07-01,45.094583,-65.2667,NA,NA,NA,NA
"322","SB",2017-07-15,"2017","SB2017-02",FALSE,2,"3",21,NA,NA,"4% formalin",10.67166071,23.63191964,2017-06-05,2017-07-01,45.094583,-65.2667,NA,NA,NA,NA
"323","SB",2017-07-15,"2017","SB2017-02",FALSE,2,"3",21,NA,NA,"4% formalin",10.67166071,23.63191964,2017-06-05,2017-07-01,45.094583,-65.2667,NA,NA,NA,NA
"324","SB",2017-07-15,"2017","SB2017-02",FALSE,2,"3",21,NA,NA,"4% formalin",10.67166071,23.63191964,2017-06-05,2017-07-01,45.094583,-65.2667,NA,NA,NA,NA
"325","SB",2017-07-15,"2017","SB2017-02",FALSE,2,"3",21,NA,NA,"4% formalin",10.67166071,23.63191964,2017-06-05,2017-07-01,45.094583,-65.2667,NA,NA,NA,NA
"326","SB",2017-07-15,"2017","SB2017-02",FALSE,2,"3",21,NA,NA,"4% formalin",10.67166071,23.63191964,2017-06-05,2017-07-01,45.094583,-65.2667,NA,NA,NA,NA
"327","SB",2017-07-15,"2017","SB2017-02",FALSE,2,"3",21,NA,NA,"4% formalin",10.67166071,23.63191964,2017-06-05,2017-07-01,45.094583,-65.2667,NA,NA,NA,NA
"328","SB",2017-07-15,"2017","SB2017-02",FALSE,2,"3",21,NA,NA,"4% formalin",10.67166071,23.63191964,2017-06-05,2017-07-01,45.094583,-65.2667,NA,NA,NA,NA
"329","SB",2017-07-15,"2017","SB2017-02",FALSE,2,"3",21,NA,NA,"4% formalin",10.67166071,23.63191964,2017-06-05,2017-07-01,45.094583,-65.2667,NA,NA,NA,NA
"330","SB",2017-07-29,"2017","SB2017-03",FALSE,3,"4",25,0.394843987,63.31614713,"4% formalin",18.902685,57.92785417,2017-04-15,2017-07-18,NA,NA,45.1943,-64.9216,10,19
"331","SB",2017-07-29,"2017","SB2017-03",FALSE,3,"4",25,0.394843987,63.31614713,"4% formalin",18.902685,57.92785417,2017-04-15,2017-07-18,NA,NA,45.1943,-64.9216,10,19
"332","SB",2017-07-29,"2017","SB2017-03",FALSE,3,"4",25,0.394843987,63.31614713,"4% formalin",18.902685,57.92785417,2017-04-15,2017-07-18,NA,NA,45.1943,-64.9216,10,19
"333","SB",2017-07-29,"2017","SB2017-03",FALSE,3,"4",25,0.394843987,63.31614713,"4% formalin",18.902685,57.92785417,2017-04-15,2017-07-18,NA,NA,45.1943,-64.9216,10,19
"334","SB",2017-07-29,"2017","SB2017-03",FALSE,3,"4",25,0.394843987,63.31614713,"4% formalin",18.902685,57.92785417,2017-04-15,2017-07-18,NA,NA,45.1943,-64.9216,10,19
"335","SB",2017-07-29,"2017","SB2017-03",FALSE,3,"4",25,0.394843987,63.31614713,"4% formalin",18.902685,57.92785417,2017-04-15,2017-07-18,NA,NA,45.1943,-64.9216,10,19
"336","SB",2017-07-29,"2017","SB2017-03",FALSE,3,"4",25,0.394843987,63.31614713,"4% formalin",18.902685,57.92785417,2017-04-15,2017-07-18,NA,NA,45.1943,-64.9216,10,19
"337","SB",2017-07-29,"2017","SB2017-03",FALSE,3,"4",25,0.394843987,63.31614713,"4% formalin",18.902685,57.92785417,2017-04-15,2017-07-18,NA,NA,45.1943,-64.9216,10,19
"338","SB",2017-07-29,"2017","SB2017-03",FALSE,3,"4",25,0.394843987,63.31614713,"4% formalin",18.902685,57.92785417,2017-04-15,2017-07-18,NA,NA,45.1943,-64.9216,10,19
"339","SB",2017-07-29,"2017","SB2017-03",FALSE,3,"4",25,0.394843987,63.31614713,"4% formalin",18.902685,57.92785417,2017-04-15,2017-07-18,NA,NA,45.1943,-64.9216,10,19
"340","SB",2017-07-29,"2017","SB2017-03",FALSE,3,"4",25,0.394843987,63.31614713,"4% formalin",18.902685,57.92785417,2017-04-15,2017-07-18,NA,NA,45.1943,-64.9216,10,19
"341","SB",2017-07-29,"2017","SB2017-03",FALSE,3,"4",25,0.394843987,63.31614713,"4% formalin",18.902685,57.92785417,2017-04-15,2017-07-18,NA,NA,45.1943,-64.9216,10,19
"342","SB",2017-07-29,"2017","SB2017-03",FALSE,3,"4",25,0.394843987,63.31614713,"4% formalin",18.902685,57.92785417,2017-04-15,2017-07-18,NA,NA,45.1943,-64.9216,10,19
"343","SB",2017-07-29,"2017","SB2017-03",FALSE,3,"4",25,0.394843987,63.31614713,"4% formalin",18.902685,57.92785417,2017-04-15,2017-07-18,NA,NA,45.1943,-64.9216,10,19
"344","SB",2017-07-29,"2017","SB2017-03",FALSE,3,"4",25,0.394843987,63.31614713,"4% formalin",18.902685,57.92785417,2017-04-15,2017-07-18,NA,NA,45.1943,-64.9216,10,19
"345","SB",2017-07-29,"2017","SB2017-03",FALSE,3,"4",25,0.394843987,63.31614713,"4% formalin",18.902685,57.92785417,2017-04-15,2017-07-18,NA,NA,45.1943,-64.9216,10,19
"346","SB",2017-07-29,"2017","SB2017-03",FALSE,3,"4",25,0.394843987,63.31614713,"4% formalin",18.902685,57.92785417,2017-04-15,2017-07-18,NA,NA,45.1943,-64.9216,10,19
"347","SB",2017-07-29,"2017","SB2017-03",FALSE,3,"4",25,0.394843987,63.31614713,"4% formalin",18.902685,57.92785417,2017-04-15,2017-07-18,NA,NA,45.1943,-64.9216,10,19
"348","SB",2017-07-29,"2017","SB2017-03",FALSE,3,"4",25,0.394843987,63.31614713,"4% formalin",18.902685,57.92785417,2017-04-15,2017-07-18,NA,NA,45.1943,-64.9216,10,19
"349","SB",2017-07-29,"2017","SB2017-03",FALSE,3,"4",25,0.394843987,63.31614713,"4% formalin",18.902685,57.92785417,2017-04-15,2017-07-18,NA,NA,45.1943,-64.9216,10,19
"350","SB",2017-07-29,"2017","SB2017-03",FALSE,3,"4",25,0.394843987,63.31614713,"4% formalin",18.902685,57.92785417,2017-04-15,2017-07-18,NA,NA,45.1943,-64.9216,10,19
"351","SB",2017-07-29,"2017","SB2017-03",FALSE,3,"4",25,0.394843987,63.31614713,"4% formalin",18.902685,57.92785417,2017-04-15,2017-07-18,NA,NA,45.1943,-64.9216,10,19
"352","SB",2017-07-29,"2017","SB2017-03",FALSE,3,"4",25,0.394843987,63.31614713,"4% formalin",18.902685,57.92785417,2017-04-15,2017-07-18,NA,NA,45.1943,-64.9216,10,19
"353","SB",2017-07-29,"2017","SB2017-03",FALSE,3,"4",25,0.394843987,63.31614713,"4% formalin",18.902685,57.92785417,2017-04-15,2017-07-18,NA,NA,45.1943,-64.9216,10,19
"354","SB",2017-07-29,"2017","SB2017-03",FALSE,3,"4",25,0.394843987,63.31614713,"4% formalin",18.902685,57.92785417,2017-04-15,2017-07-18,NA,NA,45.1943,-64.9216,10,19
"355","SB",2017-08-13,"2017","SB2017-04",FALSE,4,"5",25,0.064167495,389.6053586,"4% formalin",13.192935,34.13722917,2017-05-29,2017-08-02,45.2533,-65.2333,45.17333333,-65.21,10,1
"356","SB",2017-08-13,"2017","SB2017-04",FALSE,4,"5",25,0.064167495,389.6053586,"4% formalin",13.192935,34.13722917,2017-05-29,2017-08-02,45.2533,-65.2333,45.17333333,-65.21,10,1
"357","SB",2017-08-13,"2017","SB2017-04",FALSE,4,"5",25,0.064167495,389.6053586,"4% formalin",13.192935,34.13722917,2017-05-29,2017-08-02,45.2533,-65.2333,45.17333333,-65.21,10,1
"358","SB",2017-08-13,"2017","SB2017-04",FALSE,4,"5",25,0.064167495,389.6053586,"4% formalin",13.192935,34.13722917,2017-05-29,2017-08-02,45.2533,-65.2333,45.17333333,-65.21,10,1
"359","SB",2017-08-13,"2017","SB2017-04",FALSE,4,"5",25,0.064167495,389.6053586,"4% formalin",13.192935,34.13722917,2017-05-29,2017-08-02,45.2533,-65.2333,45.17333333,-65.21,10,1
"360","SB",2017-08-13,"2017","SB2017-04",FALSE,4,"5",25,0.064167495,389.6053586,"4% formalin",13.192935,34.13722917,2017-05-29,2017-08-02,45.2533,-65.2333,45.17333333,-65.21,10,1
"361","SB",2017-08-13,"2017","SB2017-04",FALSE,4,"5",25,0.064167495,389.6053586,"4% formalin",13.192935,34.13722917,2017-05-29,2017-08-02,45.2533,-65.2333,45.17333333,-65.21,10,1
"362","SB",2017-08-13,"2017","SB2017-04",FALSE,4,"5",25,0.064167495,389.6053586,"4% formalin",13.192935,34.13722917,2017-05-29,2017-08-02,45.2533,-65.2333,45.17333333,-65.21,10,1
"363","SB",2017-08-13,"2017","SB2017-04",FALSE,4,"5",25,0.064167495,389.6053586,"4% formalin",13.192935,34.13722917,2017-05-29,2017-08-02,45.2533,-65.2333,45.17333333,-65.21,10,1
"364","SB",2017-08-13,"2017","SB2017-04",FALSE,4,"5",25,0.064167495,389.6053586,"4% formalin",13.192935,34.13722917,2017-05-29,2017-08-02,45.2533,-65.2333,45.17333333,-65.21,10,1
"365","SB",2017-08-13,"2017","SB2017-04",FALSE,4,"5",25,0.064167495,389.6053586,"4% formalin",13.192935,34.13722917,2017-05-29,2017-08-02,45.2533,-65.2333,45.17333333,-65.21,10,1
"366","SB",2017-08-13,"2017","SB2017-04",FALSE,4,"5",25,0.064167495,389.6053586,"4% formalin",13.192935,34.13722917,2017-05-29,2017-08-02,45.2533,-65.2333,45.17333333,-65.21,10,1
"367","SB",2017-08-13,"2017","SB2017-04",FALSE,4,"5",25,0.064167495,389.6053586,"4% formalin",13.192935,34.13722917,2017-05-29,2017-08-02,45.2533,-65.2333,45.17333333,-65.21,10,1
"368","SB",2017-08-13,"2017","SB2017-04",FALSE,4,"5",25,0.064167495,389.6053586,"4% formalin",13.192935,34.13722917,2017-05-29,2017-08-02,45.2533,-65.2333,45.17333333,-65.21,10,1
"369","SB",2017-08-13,"2017","SB2017-04",FALSE,4,"5",25,0.064167495,389.6053586,"4% formalin",13.192935,34.13722917,2017-05-29,2017-08-02,45.2533,-65.2333,45.17333333,-65.21,10,1
"370","SB",2017-08-13,"2017","SB2017-04",FALSE,4,"5",25,0.064167495,389.6053586,"4% formalin",13.192935,34.13722917,2017-05-29,2017-08-02,45.2533,-65.2333,45.17333333,-65.21,10,1
"371","SB",2017-08-13,"2017","SB2017-04",FALSE,4,"5",25,0.064167495,389.6053586,"4% formalin",13.192935,34.13722917,2017-05-29,2017-08-02,45.2533,-65.2333,45.17333333,-65.21,10,1
"372","SB",2017-08-13,"2017","SB2017-04",FALSE,4,"5",25,0.064167495,389.6053586,"4% formalin",13.192935,34.13722917,2017-05-29,2017-08-02,45.2533,-65.2333,45.17333333,-65.21,10,1
"373","SB",2017-08-13,"2017","SB2017-04",FALSE,4,"5",25,0.064167495,389.6053586,"4% formalin",13.192935,34.13722917,2017-05-29,2017-08-02,45.2533,-65.2333,45.17333333,-65.21,10,1
"374","SB",2017-08-13,"2017","SB2017-04",FALSE,4,"5",25,0.064167495,389.6053586,"4% formalin",13.192935,34.13722917,2017-05-29,2017-08-02,45.2533,-65.2333,45.17333333,-65.21,10,1
"375","SB",2017-08-13,"2017","SB2017-04",FALSE,4,"5",25,0.064167495,389.6053586,"4% formalin",13.192935,34.13722917,2017-05-29,2017-08-02,45.2533,-65.2333,45.17333333,-65.21,10,1
"376","SB",2017-08-13,"2017","SB2017-04",FALSE,4,"5",25,0.064167495,389.6053586,"4% formalin",13.192935,34.13722917,2017-05-29,2017-08-02,45.2533,-65.2333,45.17333333,-65.21,10,1
"377","SB",2017-08-13,"2017","SB2017-04",FALSE,4,"5",25,0.064167495,389.6053586,"4% formalin",13.192935,34.13722917,2017-05-29,2017-08-02,45.2533,-65.2333,45.17333333,-65.21,10,1
"378","SB",2017-08-13,"2017","SB2017-04",FALSE,4,"5",25,0.064167495,389.6053586,"4% formalin",13.192935,34.13722917,2017-05-29,2017-08-02,45.2533,-65.2333,45.17333333,-65.21,10,1
"379","SB",2017-08-13,"2017","SB2017-04",FALSE,4,"5",25,0.064167495,389.6053586,"4% formalin",13.192935,34.13722917,2017-05-29,2017-08-02,45.2533,-65.2333,45.17333333,-65.21,10,1
"380","SB",2017-08-26,"2017","SB2017-05",FALSE,5,"6",16,NA,NA,"4% formalin",10.83642188,24.31842448,2017-06-13,2017-08-13,45.09333333,-65.26166667,NA,NA,10,NA
"381","SB",2017-08-26,"2017","SB2017-05",FALSE,5,"6",16,NA,NA,"4% formalin",10.83642188,24.31842448,2017-06-13,2017-08-13,45.09333333,-65.26166667,NA,NA,10,NA
"382","SB",2017-08-26,"2017","SB2017-05",FALSE,5,"6",16,NA,NA,"4% formalin",10.83642188,24.31842448,2017-06-13,2017-08-13,45.09333333,-65.26166667,NA,NA,10,NA
"383","SB",2017-08-26,"2017","SB2017-05",FALSE,5,"6",16,NA,NA,"4% formalin",10.83642188,24.31842448,2017-06-13,2017-08-13,45.09333333,-65.26166667,NA,NA,10,NA
"384","SB",2017-08-26,"2017","SB2017-05",FALSE,5,"6",16,NA,NA,"4% formalin",10.83642188,24.31842448,2017-06-13,2017-08-13,45.09333333,-65.26166667,NA,NA,10,NA
"385","SB",2017-08-26,"2017","SB2017-05",FALSE,5,"6",16,NA,NA,"4% formalin",10.83642188,24.31842448,2017-06-13,2017-08-13,45.09333333,-65.26166667,NA,NA,10,NA
"386","SB",2017-08-26,"2017","SB2017-05",FALSE,5,"6",16,NA,NA,"4% formalin",10.83642188,24.31842448,2017-06-13,2017-08-13,45.09333333,-65.26166667,NA,NA,10,NA
"387","SB",2017-08-26,"2017","SB2017-05",FALSE,5,"6",16,NA,NA,"4% formalin",10.83642188,24.31842448,2017-06-13,2017-08-13,45.09333333,-65.26166667,NA,NA,10,NA
"388","SB",2017-08-26,"2017","SB2017-05",FALSE,5,"6",16,NA,NA,"4% formalin",10.83642188,24.31842448,2017-06-13,2017-08-13,45.09333333,-65.26166667,NA,NA,10,NA
"389","SB",2017-08-26,"2017","SB2017-05",FALSE,5,"6",16,NA,NA,"4% formalin",10.83642188,24.31842448,2017-06-13,2017-08-13,45.09333333,-65.26166667,NA,NA,10,NA
"390","SB",2017-08-26,"2017","SB2017-05",FALSE,5,"6",16,NA,NA,"4% formalin",10.83642188,24.31842448,2017-06-13,2017-08-13,45.09333333,-65.26166667,NA,NA,10,NA
"391","SB",2017-08-26,"2017","SB2017-05",FALSE,5,"6",16,NA,NA,"4% formalin",10.83642188,24.31842448,2017-06-13,2017-08-13,45.09333333,-65.26166667,NA,NA,10,NA
"392","SB",2017-08-26,"2017","SB2017-05",FALSE,5,"6",16,NA,NA,"4% formalin",10.83642188,24.31842448,2017-06-13,2017-08-13,45.09333333,-65.26166667,NA,NA,10,NA
"393","SB",2017-08-26,"2017","SB2017-05",FALSE,5,"6",16,NA,NA,"4% formalin",10.83642188,24.31842448,2017-06-13,2017-08-13,45.09333333,-65.26166667,NA,NA,10,NA
"394","SB",2017-08-26,"2017","SB2017-05",FALSE,5,"6",16,NA,NA,"4% formalin",10.83642188,24.31842448,2017-06-13,2017-08-13,45.09333333,-65.26166667,NA,NA,10,NA
"395","SB",2017-08-26,"2017","SB2017-05",FALSE,5,"6",16,NA,NA,"4% formalin",10.83642188,24.31842448,2017-06-13,2017-08-13,45.09333333,-65.26166667,NA,NA,10,NA
"396","SB",2017-09-08,"2017","SB2017-06",FALSE,6,"7",192,NA,NA,"4% formalin",10.9883457,24.95144043,2017-06-16,2017-08-27,45.0583,-65.235,NA,NA,10,NA
"397","SB",2017-09-08,"2017","SB2017-06",FALSE,6,"7",192,NA,NA,"4% formalin",10.9883457,24.95144043,2017-06-16,2017-08-27,45.0583,-65.235,NA,NA,10,NA
"398","SB",2017-09-08,"2017","SB2017-06",FALSE,6,"7",192,NA,NA,"4% formalin",10.9883457,24.95144043,2017-06-16,2017-08-27,45.0583,-65.235,NA,NA,10,NA
"399","SB",2017-09-08,"2017","SB2017-06",FALSE,6,"7",192,NA,NA,"4% formalin",10.9883457,24.95144043,2017-06-16,2017-08-27,45.0583,-65.235,NA,NA,10,NA
"400","SB",2017-09-08,"2017","SB2017-06",FALSE,6,"7",192,NA,NA,"4% formalin",10.9883457,24.95144043,2017-06-16,2017-08-27,45.0583,-65.235,NA,NA,10,NA
"401","SB",2017-09-08,"2017","SB2017-06",FALSE,6,"7",192,NA,NA,"4% formalin",10.9883457,24.95144043,2017-06-16,2017-08-27,45.0583,-65.235,NA,NA,10,NA
"402","SB",2017-09-08,"2017","SB2017-06",FALSE,6,"7",192,NA,NA,"4% formalin",10.9883457,24.95144043,2017-06-16,2017-08-27,45.0583,-65.235,NA,NA,10,NA
"403","SB",2017-09-08,"2017","SB2017-06",FALSE,6,"7",192,NA,NA,"4% formalin",10.9883457,24.95144043,2017-06-16,2017-08-27,45.0583,-65.235,NA,NA,10,NA
"404","SB",2017-09-08,"2017","SB2017-06",FALSE,6,"7",192,NA,NA,"4% formalin",10.9883457,24.95144043,2017-06-16,2017-08-27,45.0583,-65.235,NA,NA,10,NA
"405","SB",2017-09-08,"2017","SB2017-06",FALSE,6,"7",192,NA,NA,"4% formalin",10.9883457,24.95144043,2017-06-16,2017-08-27,45.0583,-65.235,NA,NA,10,NA
"406","SB",2017-09-08,"2017","SB2017-06",FALSE,6,"7",192,NA,NA,"4% formalin",10.9883457,24.95144043,2017-06-16,2017-08-27,45.0583,-65.235,NA,NA,10,NA
"407","SB",2017-09-08,"2017","SB2017-06",FALSE,6,"7",192,NA,NA,"4% formalin",10.9883457,24.95144043,2017-06-16,2017-08-27,45.0583,-65.235,NA,NA,10,NA
"408","SB",2017-09-08,"2017","SB2017-06",FALSE,6,"7",192,NA,NA,"4% formalin",10.9883457,24.95144043,2017-06-16,2017-08-27,45.0583,-65.235,NA,NA,10,NA
"409","SB",2017-09-08,"2017","SB2017-06",FALSE,6,"7",192,NA,NA,"4% formalin",10.9883457,24.95144043,2017-06-16,2017-08-27,45.0583,-65.235,NA,NA,10,NA
"410","SB",2017-09-08,"2017","SB2017-06",FALSE,6,"7",192,NA,NA,"4% formalin",10.9883457,24.95144043,2017-06-16,2017-08-27,45.0583,-65.235,NA,NA,10,NA
"411","SB",2017-09-08,"2017","SB2017-06",FALSE,6,"7",192,NA,NA,"4% formalin",10.9883457,24.95144043,2017-06-16,2017-08-27,45.0583,-65.235,NA,NA,10,NA
"412","SB",2017-09-08,"2017","SB2017-06",FALSE,6,"7",192,NA,NA,"4% formalin",10.9883457,24.95144043,2017-06-16,2017-08-27,45.0583,-65.235,NA,NA,10,NA
"413","SB",2017-09-08,"2017","SB2017-06",FALSE,6,"7",192,NA,NA,"4% formalin",10.9883457,24.95144043,2017-06-16,2017-08-27,45.0583,-65.235,NA,NA,10,NA
"414","SB",2017-09-08,"2017","SB2017-06",FALSE,6,"7",192,NA,NA,"4% formalin",10.9883457,24.95144043,2017-06-16,2017-08-27,45.0583,-65.235,NA,NA,10,NA
"415","SB",2017-09-08,"2017","SB2017-06",FALSE,6,"7",192,NA,NA,"4% formalin",10.9883457,24.95144043,2017-06-16,2017-08-27,45.0583,-65.235,NA,NA,10,NA
"416","SB",2017-09-08,"2017","SB2017-06",FALSE,6,"7",192,NA,NA,"4% formalin",10.9883457,24.95144043,2017-06-16,2017-08-27,45.0583,-65.235,NA,NA,10,NA
"417","SB",2017-09-08,"2017","SB2017-06",FALSE,6,"7",192,NA,NA,"4% formalin",10.9883457,24.95144043,2017-06-16,2017-08-27,45.0583,-65.235,NA,NA,10,NA
"418","SB",2017-09-08,"2017","SB2017-06",FALSE,6,"7",192,NA,NA,"4% formalin",10.9883457,24.95144043,2017-06-16,2017-08-27,45.0583,-65.235,NA,NA,10,NA
"419","SB",2017-09-08,"2017","SB2017-06",FALSE,6,"7",192,NA,NA,"4% formalin",10.9883457,24.95144043,2017-06-16,2017-08-27,45.0583,-65.235,NA,NA,10,NA
"420","SB",2017-09-08,"2017","SB2017-06",FALSE,6,"7",192,NA,NA,"4% formalin",10.9883457,24.95144043,2017-06-16,2017-08-27,45.0583,-65.235,NA,NA,10,NA
"421","SB",2017-09-08,"2017","SB2017-06",FALSE,6,"7",192,NA,NA,"4% formalin",10.9883457,24.95144043,2017-06-16,2017-08-27,45.0583,-65.235,NA,NA,10,NA
"422","SB",2017-09-08,"2017","SB2017-06",FALSE,6,"7",192,NA,NA,"4% formalin",10.9883457,24.95144043,2017-06-16,2017-08-27,45.0583,-65.235,NA,NA,10,NA
"423","SB",2017-09-08,"2017","SB2017-06",FALSE,6,"7",192,NA,NA,"4% formalin",10.9883457,24.95144043,2017-06-16,2017-08-27,45.0583,-65.235,NA,NA,10,NA
"424","SB",2017-09-08,"2017","SB2017-06",FALSE,6,"7",192,NA,NA,"4% formalin",10.9883457,24.95144043,2017-06-16,2017-08-27,45.0583,-65.235,NA,NA,10,NA
"425","SB",2017-09-08,"2017","SB2017-06",FALSE,6,"7",192,NA,NA,"4% formalin",10.9883457,24.95144043,2017-06-16,2017-08-27,45.0583,-65.235,NA,NA,10,NA
"426","SB",2017-09-08,"2017","SB2017-06",FALSE,6,"7",192,NA,NA,"4% formalin",10.9883457,24.95144043,2017-06-16,2017-08-27,45.0583,-65.235,NA,NA,10,NA
"427","SB",2017-09-08,"2017","SB2017-06",FALSE,6,"7",192,NA,NA,"4% formalin",10.9883457,24.95144043,2017-06-16,2017-08-27,45.0583,-65.235,NA,NA,10,NA
"428","SB",2017-09-08,"2017","SB2017-06",FALSE,6,"7",192,NA,NA,"4% formalin",10.9883457,24.95144043,2017-06-16,2017-08-27,45.0583,-65.235,NA,NA,10,NA
"429","SB",2017-09-08,"2017","SB2017-06",FALSE,6,"7",192,NA,NA,"4% formalin",10.9883457,24.95144043,2017-06-16,2017-08-27,45.0583,-65.235,NA,NA,10,NA
"430","SB",2017-09-08,"2017","SB2017-06",FALSE,6,"7",192,NA,NA,"4% formalin",10.9883457,24.95144043,2017-06-16,2017-08-27,45.0583,-65.235,NA,NA,10,NA
"431","SB",2017-09-08,"2017","SB2017-06",FALSE,6,"7",192,NA,NA,"4% formalin",10.9883457,24.95144043,2017-06-16,2017-08-27,45.0583,-65.235,NA,NA,10,NA
"432","SB",2017-09-08,"2017","SB2017-06",FALSE,6,"7",192,NA,NA,"4% formalin",10.9883457,24.95144043,2017-06-16,2017-08-27,45.0583,-65.235,NA,NA,10,NA
"433","SB",2017-09-08,"2017","SB2017-06",FALSE,6,"7",192,NA,NA,"4% formalin",10.9883457,24.95144043,2017-06-16,2017-08-27,45.0583,-65.235,NA,NA,10,NA
"434","SB",2017-09-08,"2017","SB2017-06",FALSE,6,"7",192,NA,NA,"4% formalin",10.9883457,24.95144043,2017-06-16,2017-08-27,45.0583,-65.235,NA,NA,10,NA
"435","SB",2017-09-08,"2017","SB2017-06",FALSE,6,"7",192,NA,NA,"4% formalin",10.9883457,24.95144043,2017-06-16,2017-08-27,45.0583,-65.235,NA,NA,10,NA
"436","SB",2017-09-08,"2017","SB2017-06",FALSE,6,"7",192,NA,NA,"4% formalin",10.9883457,24.95144043,2017-06-16,2017-08-27,45.0583,-65.235,NA,NA,10,NA
"437","SB",2017-09-08,"2017","SB2017-06",FALSE,6,"7",192,NA,NA,"4% formalin",10.9883457,24.95144043,2017-06-16,2017-08-27,45.0583,-65.235,NA,NA,10,NA
"438","SB",2017-09-08,"2017","SB2017-06",FALSE,6,"7",192,NA,NA,"4% formalin",10.9883457,24.95144043,2017-06-16,2017-08-27,45.0583,-65.235,NA,NA,10,NA
"439","SB",2017-09-08,"2017","SB2017-06",FALSE,6,"7",192,NA,NA,"4% formalin",10.9883457,24.95144043,2017-06-16,2017-08-27,45.0583,-65.235,NA,NA,10,NA
"440","SB",2017-09-08,"2017","SB2017-06",FALSE,6,"7",192,NA,NA,"4% formalin",10.9883457,24.95144043,2017-06-16,2017-08-27,45.0583,-65.235,NA,NA,10,NA
"441","SB",2017-09-08,"2017","SB2017-06",FALSE,6,"7",192,NA,NA,"4% formalin",10.9883457,24.95144043,2017-06-16,2017-08-27,45.0583,-65.235,NA,NA,10,NA
"442","SB",2017-09-08,"2017","SB2017-06",FALSE,6,"7",192,NA,NA,"4% formalin",10.9883457,24.95144043,2017-06-16,2017-08-27,45.0583,-65.235,NA,NA,10,NA
"443","SB",2017-09-08,"2017","SB2017-06",FALSE,6,"7",192,NA,NA,"4% formalin",10.9883457,24.95144043,2017-06-16,2017-08-27,45.0583,-65.235,NA,NA,10,NA
"444","SB",2017-09-08,"2017","SB2017-06",FALSE,6,"7",192,NA,NA,"4% formalin",10.9883457,24.95144043,2017-06-16,2017-08-27,45.0583,-65.235,NA,NA,10,NA
"445","SB",2017-09-08,"2017","SB2017-06",FALSE,6,"7",192,NA,NA,"4% formalin",10.9883457,24.95144043,2017-06-16,2017-08-27,45.0583,-65.235,NA,NA,10,NA
"446","SB",2017-09-08,"2017","SB2017-06",FALSE,6,"7",192,NA,NA,"4% formalin",10.9883457,24.95144043,2017-06-16,2017-08-27,45.0583,-65.235,NA,NA,10,NA
"447","SB",2017-09-08,"2017","SB2017-06",FALSE,6,"7",192,NA,NA,"4% formalin",10.9883457,24.95144043,2017-06-16,2017-08-27,45.0583,-65.235,NA,NA,10,NA
"448","SB",2017-09-08,"2017","SB2017-06",FALSE,6,"7",192,NA,NA,"4% formalin",10.9883457,24.95144043,2017-06-16,2017-08-27,45.0583,-65.235,NA,NA,10,NA
"449","SB",2017-09-08,"2017","SB2017-06",FALSE,6,"7",192,NA,NA,"4% formalin",10.9883457,24.95144043,2017-06-16,2017-08-27,45.0583,-65.235,NA,NA,10,NA
"450","SB",2017-09-08,"2017","SB2017-06",FALSE,6,"7",192,NA,NA,"4% formalin",10.9883457,24.95144043,2017-06-16,2017-08-27,45.0583,-65.235,NA,NA,10,NA
"451","SB",2017-09-08,"2017","SB2017-06",FALSE,6,"7",192,NA,NA,"4% formalin",10.9883457,24.95144043,2017-06-16,2017-08-27,45.0583,-65.235,NA,NA,10,NA
"452","SB",2017-09-08,"2017","SB2017-06",FALSE,6,"7",192,NA,NA,"4% formalin",10.9883457,24.95144043,2017-06-16,2017-08-27,45.0583,-65.235,NA,NA,10,NA
"453","SB",2017-09-08,"2017","SB2017-06",FALSE,6,"7",192,NA,NA,"4% formalin",10.9883457,24.95144043,2017-06-16,2017-08-27,45.0583,-65.235,NA,NA,10,NA
"454","SB",2017-09-08,"2017","SB2017-06",FALSE,6,"7",192,NA,NA,"4% formalin",10.9883457,24.95144043,2017-06-16,2017-08-27,45.0583,-65.235,NA,NA,10,NA
"455","SB",2017-09-08,"2017","SB2017-06",FALSE,6,"7",192,NA,NA,"4% formalin",10.9883457,24.95144043,2017-06-16,2017-08-27,45.0583,-65.235,NA,NA,10,NA
"456","SB",2017-09-08,"2017","SB2017-06",FALSE,6,"7",192,NA,NA,"4% formalin",10.9883457,24.95144043,2017-06-16,2017-08-27,45.0583,-65.235,NA,NA,10,NA
"457","SB",2017-09-08,"2017","SB2017-06",FALSE,6,"7",192,NA,NA,"4% formalin",10.9883457,24.95144043,2017-06-16,2017-08-27,45.0583,-65.235,NA,NA,10,NA
"458","SB",2017-09-08,"2017","SB2017-06",FALSE,6,"7",192,NA,NA,"4% formalin",10.9883457,24.95144043,2017-06-16,2017-08-27,45.0583,-65.235,NA,NA,10,NA
"459","SB",2017-09-08,"2017","SB2017-06",FALSE,6,"7",192,NA,NA,"4% formalin",10.9883457,24.95144043,2017-06-16,2017-08-27,45.0583,-65.235,NA,NA,10,NA
"460","SB",2017-09-08,"2017","SB2017-06",FALSE,6,"7",192,NA,NA,"4% formalin",10.9883457,24.95144043,2017-06-16,2017-08-27,45.0583,-65.235,NA,NA,10,NA
"461","SB",2017-09-08,"2017","SB2017-06",FALSE,6,"7",192,NA,NA,"4% formalin",10.9883457,24.95144043,2017-06-16,2017-08-27,45.0583,-65.235,NA,NA,10,NA
"462","SB",2017-09-08,"2017","SB2017-06",FALSE,6,"7",192,NA,NA,"4% formalin",10.9883457,24.95144043,2017-06-16,2017-08-27,45.0583,-65.235,NA,NA,10,NA
"463","SB",2017-09-08,"2017","SB2017-06",FALSE,6,"7",192,NA,NA,"4% formalin",10.9883457,24.95144043,2017-06-16,2017-08-27,45.0583,-65.235,NA,NA,10,NA
"464","SB",2017-09-08,"2017","SB2017-06",FALSE,6,"7",192,NA,NA,"4% formalin",10.9883457,24.95144043,2017-06-16,2017-08-27,45.0583,-65.235,NA,NA,10,NA
"465","SB",2017-09-08,"2017","SB2017-06",FALSE,6,"7",192,NA,NA,"4% formalin",10.9883457,24.95144043,2017-06-16,2017-08-27,45.0583,-65.235,NA,NA,10,NA
"466","SB",2017-09-08,"2017","SB2017-06",FALSE,6,"7",192,NA,NA,"4% formalin",10.9883457,24.95144043,2017-06-16,2017-08-27,45.0583,-65.235,NA,NA,10,NA
"467","SB",2017-09-08,"2017","SB2017-06",FALSE,6,"7",192,NA,NA,"4% formalin",10.9883457,24.95144043,2017-06-16,2017-08-27,45.0583,-65.235,NA,NA,10,NA
"468","SB",2017-09-08,"2017","SB2017-06",FALSE,6,"7",192,NA,NA,"4% formalin",10.9883457,24.95144043,2017-06-16,2017-08-27,45.0583,-65.235,NA,NA,10,NA
"469","SB",2017-09-08,"2017","SB2017-06",FALSE,6,"7",192,NA,NA,"4% formalin",10.9883457,24.95144043,2017-06-16,2017-08-27,45.0583,-65.235,NA,NA,10,NA
"470","SB",2017-09-08,"2017","SB2017-06",FALSE,6,"7",192,NA,NA,"4% formalin",10.9883457,24.95144043,2017-06-16,2017-08-27,45.0583,-65.235,NA,NA,10,NA
"471","SB",2017-09-08,"2017","SB2017-06",FALSE,6,"7",192,NA,NA,"4% formalin",10.9883457,24.95144043,2017-06-16,2017-08-27,45.0583,-65.235,NA,NA,10,NA
"472","SB",2017-09-08,"2017","SB2017-06",FALSE,6,"7",192,NA,NA,"4% formalin",10.9883457,24.95144043,2017-06-16,2017-08-27,45.0583,-65.235,NA,NA,10,NA
"473","SB",2017-09-08,"2017","SB2017-06",FALSE,6,"7",192,NA,NA,"4% formalin",10.9883457,24.95144043,2017-06-16,2017-08-27,45.0583,-65.235,NA,NA,10,NA
"474","SB",2017-09-08,"2017","SB2017-06",FALSE,6,"7",192,NA,NA,"4% formalin",10.9883457,24.95144043,2017-06-16,2017-08-27,45.0583,-65.235,NA,NA,10,NA
"475","SB",2017-09-08,"2017","SB2017-06",FALSE,6,"7",192,NA,NA,"4% formalin",10.9883457,24.95144043,2017-06-16,2017-08-27,45.0583,-65.235,NA,NA,10,NA
"476","SB",2017-09-08,"2017","SB2017-06",FALSE,6,"7",192,NA,NA,"4% formalin",10.9883457,24.95144043,2017-06-16,2017-08-27,45.0583,-65.235,NA,NA,10,NA
"477","SB",2017-09-08,"2017","SB2017-06",FALSE,6,"7",192,NA,NA,"4% formalin",10.9883457,24.95144043,2017-06-16,2017-08-27,45.0583,-65.235,NA,NA,10,NA
"478","SB",2017-09-08,"2017","SB2017-06",FALSE,6,"7",192,NA,NA,"4% formalin",10.9883457,24.95144043,2017-06-16,2017-08-27,45.0583,-65.235,NA,NA,10,NA
"479","SB",2017-09-08,"2017","SB2017-06",FALSE,6,"7",192,NA,NA,"4% formalin",10.9883457,24.95144043,2017-06-16,2017-08-27,45.0583,-65.235,NA,NA,10,NA
"480","SB",2017-09-08,"2017","SB2017-06",FALSE,6,"7",192,NA,NA,"4% formalin",10.9883457,24.95144043,2017-06-16,2017-08-27,45.0583,-65.235,NA,NA,10,NA
"481","SB",2017-09-08,"2017","SB2017-06",FALSE,6,"7",192,NA,NA,"4% formalin",10.9883457,24.95144043,2017-06-16,2017-08-27,45.0583,-65.235,NA,NA,10,NA
"482","SB",2017-09-08,"2017","SB2017-06",FALSE,6,"7",192,NA,NA,"4% formalin",10.9883457,24.95144043,2017-06-16,2017-08-27,45.0583,-65.235,NA,NA,10,NA
"483","SB",2017-09-08,"2017","SB2017-06",FALSE,6,"7",192,NA,NA,"4% formalin",10.9883457,24.95144043,2017-06-16,2017-08-27,45.0583,-65.235,NA,NA,10,NA
"484","SB",2017-09-08,"2017","SB2017-06",FALSE,6,"7",192,NA,NA,"4% formalin",10.9883457,24.95144043,2017-06-16,2017-08-27,45.0583,-65.235,NA,NA,10,NA
"485","SB",2017-09-08,"2017","SB2017-06",FALSE,6,"7",192,NA,NA,"4% formalin",10.9883457,24.95144043,2017-06-16,2017-08-27,45.0583,-65.235,NA,NA,10,NA
"486","SB",2017-09-08,"2017","SB2017-06",FALSE,6,"7",192,NA,NA,"4% formalin",10.9883457,24.95144043,2017-06-16,2017-08-27,45.0583,-65.235,NA,NA,10,NA
"487","SB",2017-09-08,"2017","SB2017-06",FALSE,6,"7",192,NA,NA,"4% formalin",10.9883457,24.95144043,2017-06-16,2017-08-27,45.0583,-65.235,NA,NA,10,NA
"488","SB",2017-09-08,"2017","SB2017-06",FALSE,6,"7",192,NA,NA,"4% formalin",10.9883457,24.95144043,2017-06-16,2017-08-27,45.0583,-65.235,NA,NA,10,NA
"489","SB",2017-09-08,"2017","SB2017-06",FALSE,6,"7",192,NA,NA,"4% formalin",10.9883457,24.95144043,2017-06-16,2017-08-27,45.0583,-65.235,NA,NA,10,NA
"490","SB",2017-09-08,"2017","SB2017-06",FALSE,6,"7",192,NA,NA,"4% formalin",10.9883457,24.95144043,2017-06-16,2017-08-27,45.0583,-65.235,NA,NA,10,NA
"491","SB",2017-09-08,"2017","SB2017-06",FALSE,6,"7",192,NA,NA,"4% formalin",10.9883457,24.95144043,2017-06-16,2017-08-27,45.0583,-65.235,NA,NA,10,NA
"492","SB",2017-09-08,"2017","SB2017-06",FALSE,6,"7",192,NA,NA,"4% formalin",10.9883457,24.95144043,2017-06-16,2017-08-27,45.0583,-65.235,NA,NA,10,NA
"493","SB",2017-09-08,"2017","SB2017-06",FALSE,6,"7",192,NA,NA,"4% formalin",10.9883457,24.95144043,2017-06-16,2017-08-27,45.0583,-65.235,NA,NA,10,NA
"494","SB",2017-09-08,"2017","SB2017-06",FALSE,6,"7",192,NA,NA,"4% formalin",10.9883457,24.95144043,2017-06-16,2017-08-27,45.0583,-65.235,NA,NA,10,NA
"495","SB",2017-09-08,"2017","SB2017-06",FALSE,6,"7",192,NA,NA,"4% formalin",10.9883457,24.95144043,2017-06-16,2017-08-27,45.0583,-65.235,NA,NA,10,NA
"496","SB",2017-09-08,"2017","SB2017-06",FALSE,6,"7",192,NA,NA,"4% formalin",10.9883457,24.95144043,2017-06-16,2017-08-27,45.0583,-65.235,NA,NA,10,NA
"497","SB",2017-09-08,"2017","SB2017-06",FALSE,6,"7",192,NA,NA,"4% formalin",10.9883457,24.95144043,2017-06-16,2017-08-27,45.0583,-65.235,NA,NA,10,NA
"498","SB",2017-09-08,"2017","SB2017-06",FALSE,6,"7",192,NA,NA,"4% formalin",10.9883457,24.95144043,2017-06-16,2017-08-27,45.0583,-65.235,NA,NA,10,NA
"499","SB",2017-09-08,"2017","SB2017-06",FALSE,6,"7",192,NA,NA,"4% formalin",10.9883457,24.95144043,2017-06-16,2017-08-27,45.0583,-65.235,NA,NA,10,NA
"500","SB",2017-09-08,"2017","SB2017-06",FALSE,6,"7",192,NA,NA,"4% formalin",10.9883457,24.95144043,2017-06-16,2017-08-27,45.0583,-65.235,NA,NA,10,NA
"501","SB",2017-09-08,"2017","SB2017-06",FALSE,6,"7",192,NA,NA,"4% formalin",10.9883457,24.95144043,2017-06-16,2017-08-27,45.0583,-65.235,NA,NA,10,NA
"502","SB",2017-09-08,"2017","SB2017-06",FALSE,6,"7",192,NA,NA,"4% formalin",10.9883457,24.95144043,2017-06-16,2017-08-27,45.0583,-65.235,NA,NA,10,NA
"503","SB",2017-09-08,"2017","SB2017-06",FALSE,6,"7",192,NA,NA,"4% formalin",10.9883457,24.95144043,2017-06-16,2017-08-27,45.0583,-65.235,NA,NA,10,NA
"504","SB",2017-09-08,"2017","SB2017-06",FALSE,6,"7",192,NA,NA,"4% formalin",10.9883457,24.95144043,2017-06-16,2017-08-27,45.0583,-65.235,NA,NA,10,NA
"505","SB",2017-09-08,"2017","SB2017-06",FALSE,6,"7",192,NA,NA,"4% formalin",10.9883457,24.95144043,2017-06-16,2017-08-27,45.0583,-65.235,NA,NA,10,NA
"506","SB",2017-09-08,"2017","SB2017-06",FALSE,6,"7",192,NA,NA,"4% formalin",10.9883457,24.95144043,2017-06-16,2017-08-27,45.0583,-65.235,NA,NA,10,NA
"507","SB",2017-09-08,"2017","SB2017-06",FALSE,6,"7",192,NA,NA,"4% formalin",10.9883457,24.95144043,2017-06-16,2017-08-27,45.0583,-65.235,NA,NA,10,NA
"508","SB",2017-09-08,"2017","SB2017-06",FALSE,6,"7",192,NA,NA,"4% formalin",10.9883457,24.95144043,2017-06-16,2017-08-27,45.0583,-65.235,NA,NA,10,NA
"509","SB",2017-09-08,"2017","SB2017-06",FALSE,6,"7",192,NA,NA,"4% formalin",10.9883457,24.95144043,2017-06-16,2017-08-27,45.0583,-65.235,NA,NA,10,NA
"510","SB",2017-09-08,"2017","SB2017-06",FALSE,6,"7",192,NA,NA,"4% formalin",10.9883457,24.95144043,2017-06-16,2017-08-27,45.0583,-65.235,NA,NA,10,NA
"511","SB",2017-09-08,"2017","SB2017-06",FALSE,6,"7",192,NA,NA,"4% formalin",10.9883457,24.95144043,2017-06-16,2017-08-27,45.0583,-65.235,NA,NA,10,NA
"512","SB",2017-09-08,"2017","SB2017-06",FALSE,6,"7",192,NA,NA,"4% formalin",10.9883457,24.95144043,2017-06-16,2017-08-27,45.0583,-65.235,NA,NA,10,NA
"513","SB",2017-09-08,"2017","SB2017-06",FALSE,6,"7",192,NA,NA,"4% formalin",10.9883457,24.95144043,2017-06-16,2017-08-27,45.0583,-65.235,NA,NA,10,NA
"514","SB",2017-09-08,"2017","SB2017-06",FALSE,6,"7",192,NA,NA,"4% formalin",10.9883457,24.95144043,2017-06-16,2017-08-27,45.0583,-65.235,NA,NA,10,NA
"515","SB",2017-09-08,"2017","SB2017-06",FALSE,6,"7",192,NA,NA,"4% formalin",10.9883457,24.95144043,2017-06-16,2017-08-27,45.0583,-65.235,NA,NA,10,NA
"516","SB",2017-09-08,"2017","SB2017-06",FALSE,6,"7",192,NA,NA,"4% formalin",10.9883457,24.95144043,2017-06-16,2017-08-27,45.0583,-65.235,NA,NA,10,NA
"517","SB",2017-09-08,"2017","SB2017-06",FALSE,6,"7",192,NA,NA,"4% formalin",10.9883457,24.95144043,2017-06-16,2017-08-27,45.0583,-65.235,NA,NA,10,NA
"518","SB",2017-09-08,"2017","SB2017-06",FALSE,6,"7",192,NA,NA,"4% formalin",10.9883457,24.95144043,2017-06-16,2017-08-27,45.0583,-65.235,NA,NA,10,NA
"519","SB",2017-09-08,"2017","SB2017-06",FALSE,6,"7",192,NA,NA,"4% formalin",10.9883457,24.95144043,2017-06-16,2017-08-27,45.0583,-65.235,NA,NA,10,NA
"520","SB",2017-09-08,"2017","SB2017-06",FALSE,6,"7",192,NA,NA,"4% formalin",10.9883457,24.95144043,2017-06-16,2017-08-27,45.0583,-65.235,NA,NA,10,NA
"521","SB",2017-09-08,"2017","SB2017-06",FALSE,6,"7",192,NA,NA,"4% formalin",10.9883457,24.95144043,2017-06-16,2017-08-27,45.0583,-65.235,NA,NA,10,NA
"522","SB",2017-09-08,"2017","SB2017-06",FALSE,6,"7",192,NA,NA,"4% formalin",10.9883457,24.95144043,2017-06-16,2017-08-27,45.0583,-65.235,NA,NA,10,NA
"523","SB",2017-09-08,"2017","SB2017-06",FALSE,6,"7",192,NA,NA,"4% formalin",10.9883457,24.95144043,2017-06-16,2017-08-27,45.0583,-65.235,NA,NA,10,NA
"524","SB",2017-09-08,"2017","SB2017-06",FALSE,6,"7",192,NA,NA,"4% formalin",10.9883457,24.95144043,2017-06-16,2017-08-27,45.0583,-65.235,NA,NA,10,NA
"525","SB",2017-09-08,"2017","SB2017-06",FALSE,6,"7",192,NA,NA,"4% formalin",10.9883457,24.95144043,2017-06-16,2017-08-27,45.0583,-65.235,NA,NA,10,NA
"526","SB",2017-09-08,"2017","SB2017-06",FALSE,6,"7",192,NA,NA,"4% formalin",10.9883457,24.95144043,2017-06-16,2017-08-27,45.0583,-65.235,NA,NA,10,NA
"527","SB",2017-09-08,"2017","SB2017-06",FALSE,6,"7",192,NA,NA,"4% formalin",10.9883457,24.95144043,2017-06-16,2017-08-27,45.0583,-65.235,NA,NA,10,NA
"528","SB",2017-09-08,"2017","SB2017-06",FALSE,6,"7",192,NA,NA,"4% formalin",10.9883457,24.95144043,2017-06-16,2017-08-27,45.0583,-65.235,NA,NA,10,NA
"529","SB",2017-09-08,"2017","SB2017-06",FALSE,6,"7",192,NA,NA,"4% formalin",10.9883457,24.95144043,2017-06-16,2017-08-27,45.0583,-65.235,NA,NA,10,NA
"530","SB",2017-09-08,"2017","SB2017-06",FALSE,6,"7",192,NA,NA,"4% formalin",10.9883457,24.95144043,2017-06-16,2017-08-27,45.0583,-65.235,NA,NA,10,NA
"531","SB",2017-09-08,"2017","SB2017-06",FALSE,6,"7",192,NA,NA,"4% formalin",10.9883457,24.95144043,2017-06-16,2017-08-27,45.0583,-65.235,NA,NA,10,NA
"532","SB",2017-09-08,"2017","SB2017-06",FALSE,6,"7",192,NA,NA,"4% formalin",10.9883457,24.95144043,2017-06-16,2017-08-27,45.0583,-65.235,NA,NA,10,NA
"533","SB",2017-09-08,"2017","SB2017-06",FALSE,6,"7",192,NA,NA,"4% formalin",10.9883457,24.95144043,2017-06-16,2017-08-27,45.0583,-65.235,NA,NA,10,NA
"534","SB",2017-09-08,"2017","SB2017-06",FALSE,6,"7",192,NA,NA,"4% formalin",10.9883457,24.95144043,2017-06-16,2017-08-27,45.0583,-65.235,NA,NA,10,NA
"535","SB",2017-09-08,"2017","SB2017-06",FALSE,6,"7",192,NA,NA,"4% formalin",10.9883457,24.95144043,2017-06-16,2017-08-27,45.0583,-65.235,NA,NA,10,NA
"536","SB",2017-09-08,"2017","SB2017-06",FALSE,6,"7",192,NA,NA,"4% formalin",10.9883457,24.95144043,2017-06-16,2017-08-27,45.0583,-65.235,NA,NA,10,NA
"537","SB",2017-09-08,"2017","SB2017-06",FALSE,6,"7",192,NA,NA,"4% formalin",10.9883457,24.95144043,2017-06-16,2017-08-27,45.0583,-65.235,NA,NA,10,NA
"538","SB",2017-09-08,"2017","SB2017-06",FALSE,6,"7",192,NA,NA,"4% formalin",10.9883457,24.95144043,2017-06-16,2017-08-27,45.0583,-65.235,NA,NA,10,NA
"539","SB",2017-09-08,"2017","SB2017-06",FALSE,6,"7",192,NA,NA,"4% formalin",10.9883457,24.95144043,2017-06-16,2017-08-27,45.0583,-65.235,NA,NA,10,NA
"540","SB",2017-09-08,"2017","SB2017-06",FALSE,6,"7",192,NA,NA,"4% formalin",10.9883457,24.95144043,2017-06-16,2017-08-27,45.0583,-65.235,NA,NA,10,NA
"541","SB",2017-09-08,"2017","SB2017-06",FALSE,6,"7",192,NA,NA,"4% formalin",10.9883457,24.95144043,2017-06-16,2017-08-27,45.0583,-65.235,NA,NA,10,NA
"542","SB",2017-09-08,"2017","SB2017-06",FALSE,6,"7",192,NA,NA,"4% formalin",10.9883457,24.95144043,2017-06-16,2017-08-27,45.0583,-65.235,NA,NA,10,NA
"543","SB",2017-09-08,"2017","SB2017-06",FALSE,6,"7",192,NA,NA,"4% formalin",10.9883457,24.95144043,2017-06-16,2017-08-27,45.0583,-65.235,NA,NA,10,NA
"544","SB",2017-09-08,"2017","SB2017-06",FALSE,6,"7",192,NA,NA,"4% formalin",10.9883457,24.95144043,2017-06-16,2017-08-27,45.0583,-65.235,NA,NA,10,NA
"545","SB",2017-09-08,"2017","SB2017-06",FALSE,6,"7",192,NA,NA,"4% formalin",10.9883457,24.95144043,2017-06-16,2017-08-27,45.0583,-65.235,NA,NA,10,NA
"546","SB",2017-09-08,"2017","SB2017-06",FALSE,6,"7",192,NA,NA,"4% formalin",10.9883457,24.95144043,2017-06-16,2017-08-27,45.0583,-65.235,NA,NA,10,NA
"547","SB",2017-09-08,"2017","SB2017-06",FALSE,6,"7",192,NA,NA,"4% formalin",10.9883457,24.95144043,2017-06-16,2017-08-27,45.0583,-65.235,NA,NA,10,NA
"548","SB",2017-09-08,"2017","SB2017-06",FALSE,6,"7",192,NA,NA,"4% formalin",10.9883457,24.95144043,2017-06-16,2017-08-27,45.0583,-65.235,NA,NA,10,NA
"549","SB",2017-09-08,"2017","SB2017-06",FALSE,6,"7",192,NA,NA,"4% formalin",10.9883457,24.95144043,2017-06-16,2017-08-27,45.0583,-65.235,NA,NA,10,NA
"550","SB",2017-09-08,"2017","SB2017-06",FALSE,6,"7",192,NA,NA,"4% formalin",10.9883457,24.95144043,2017-06-16,2017-08-27,45.0583,-65.235,NA,NA,10,NA
"551","SB",2017-09-08,"2017","SB2017-06",FALSE,6,"7",192,NA,NA,"4% formalin",10.9883457,24.95144043,2017-06-16,2017-08-27,45.0583,-65.235,NA,NA,10,NA
"552","SB",2017-09-08,"2017","SB2017-06",FALSE,6,"7",192,NA,NA,"4% formalin",10.9883457,24.95144043,2017-06-16,2017-08-27,45.0583,-65.235,NA,NA,10,NA
"553","SB",2017-09-08,"2017","SB2017-06",FALSE,6,"7",192,NA,NA,"4% formalin",10.9883457,24.95144043,2017-06-16,2017-08-27,45.0583,-65.235,NA,NA,10,NA
"554","SB",2017-09-08,"2017","SB2017-06",FALSE,6,"7",192,NA,NA,"4% formalin",10.9883457,24.95144043,2017-06-16,2017-08-27,45.0583,-65.235,NA,NA,10,NA
"555","SB",2017-09-08,"2017","SB2017-06",FALSE,6,"7",192,NA,NA,"4% formalin",10.9883457,24.95144043,2017-06-16,2017-08-27,45.0583,-65.235,NA,NA,10,NA
"556","SB",2017-09-08,"2017","SB2017-06",FALSE,6,"7",192,NA,NA,"4% formalin",10.9883457,24.95144043,2017-06-16,2017-08-27,45.0583,-65.235,NA,NA,10,NA
"557","SB",2017-09-08,"2017","SB2017-06",FALSE,6,"7",192,NA,NA,"4% formalin",10.9883457,24.95144043,2017-06-16,2017-08-27,45.0583,-65.235,NA,NA,10,NA
"558","SB",2017-09-08,"2017","SB2017-06",FALSE,6,"7",192,NA,NA,"4% formalin",10.9883457,24.95144043,2017-06-16,2017-08-27,45.0583,-65.235,NA,NA,10,NA
"559","SB",2017-09-08,"2017","SB2017-06",FALSE,6,"7",192,NA,NA,"4% formalin",10.9883457,24.95144043,2017-06-16,2017-08-27,45.0583,-65.235,NA,NA,10,NA
"560","SB",2017-09-08,"2017","SB2017-06",FALSE,6,"7",192,NA,NA,"4% formalin",10.9883457,24.95144043,2017-06-16,2017-08-27,45.0583,-65.235,NA,NA,10,NA
"561","SB",2017-09-08,"2017","SB2017-06",FALSE,6,"7",192,NA,NA,"4% formalin",10.9883457,24.95144043,2017-06-16,2017-08-27,45.0583,-65.235,NA,NA,10,NA
"562","SB",2017-09-08,"2017","SB2017-06",FALSE,6,"7",192,NA,NA,"4% formalin",10.9883457,24.95144043,2017-06-16,2017-08-27,45.0583,-65.235,NA,NA,10,NA
"563","SB",2017-09-08,"2017","SB2017-06",FALSE,6,"7",192,NA,NA,"4% formalin",10.9883457,24.95144043,2017-06-16,2017-08-27,45.0583,-65.235,NA,NA,10,NA
"564","SB",2017-09-08,"2017","SB2017-06",FALSE,6,"7",192,NA,NA,"4% formalin",10.9883457,24.95144043,2017-06-16,2017-08-27,45.0583,-65.235,NA,NA,10,NA
"565","SB",2017-09-08,"2017","SB2017-06",FALSE,6,"7",192,NA,NA,"4% formalin",10.9883457,24.95144043,2017-06-16,2017-08-27,45.0583,-65.235,NA,NA,10,NA
"566","SB",2017-09-08,"2017","SB2017-06",FALSE,6,"7",192,NA,NA,"4% formalin",10.9883457,24.95144043,2017-06-16,2017-08-27,45.0583,-65.235,NA,NA,10,NA
"567","SB",2017-09-08,"2017","SB2017-06",FALSE,6,"7",192,NA,NA,"4% formalin",10.9883457,24.95144043,2017-06-16,2017-08-27,45.0583,-65.235,NA,NA,10,NA
"568","SB",2017-09-08,"2017","SB2017-06",FALSE,6,"7",192,NA,NA,"4% formalin",10.9883457,24.95144043,2017-06-16,2017-08-27,45.0583,-65.235,NA,NA,10,NA
"569","SB",2017-09-08,"2017","SB2017-06",FALSE,6,"7",192,NA,NA,"4% formalin",10.9883457,24.95144043,2017-06-16,2017-08-27,45.0583,-65.235,NA,NA,10,NA
"570","SB",2017-09-08,"2017","SB2017-06",FALSE,6,"7",192,NA,NA,"4% formalin",10.9883457,24.95144043,2017-06-16,2017-08-27,45.0583,-65.235,NA,NA,10,NA
"571","SB",2017-09-08,"2017","SB2017-06",FALSE,6,"7",192,NA,NA,"4% formalin",10.9883457,24.95144043,2017-06-16,2017-08-27,45.0583,-65.235,NA,NA,10,NA
"572","SB",2017-09-08,"2017","SB2017-06",FALSE,6,"7",192,NA,NA,"4% formalin",10.9883457,24.95144043,2017-06-16,2017-08-27,45.0583,-65.235,NA,NA,10,NA
"573","SB",2017-09-08,"2017","SB2017-06",FALSE,6,"7",192,NA,NA,"4% formalin",10.9883457,24.95144043,2017-06-16,2017-08-27,45.0583,-65.235,NA,NA,10,NA
"574","SB",2017-09-08,"2017","SB2017-06",FALSE,6,"7",192,NA,NA,"4% formalin",10.9883457,24.95144043,2017-06-16,2017-08-27,45.0583,-65.235,NA,NA,10,NA
"575","SB",2017-09-08,"2017","SB2017-06",FALSE,6,"7",192,NA,NA,"4% formalin",10.9883457,24.95144043,2017-06-16,2017-08-27,45.0583,-65.235,NA,NA,10,NA
"576","SB",2017-09-08,"2017","SB2017-06",FALSE,6,"7",192,NA,NA,"4% formalin",10.9883457,24.95144043,2017-06-16,2017-08-27,45.0583,-65.235,NA,NA,10,NA
"577","SB",2017-09-08,"2017","SB2017-06",FALSE,6,"7",192,NA,NA,"4% formalin",10.9883457,24.95144043,2017-06-16,2017-08-27,45.0583,-65.235,NA,NA,10,NA
"578","SB",2017-09-08,"2017","SB2017-06",FALSE,6,"7",192,NA,NA,"4% formalin",10.9883457,24.95144043,2017-06-16,2017-08-27,45.0583,-65.235,NA,NA,10,NA
"579","SB",2017-09-08,"2017","SB2017-06",FALSE,6,"7",192,NA,NA,"4% formalin",10.9883457,24.95144043,2017-06-16,2017-08-27,45.0583,-65.235,NA,NA,10,NA
"580","SB",2017-09-08,"2017","SB2017-06",FALSE,6,"7",192,NA,NA,"4% formalin",10.9883457,24.95144043,2017-06-16,2017-08-27,45.0583,-65.235,NA,NA,10,NA
"581","SB",2017-09-08,"2017","SB2017-06",FALSE,6,"7",192,NA,NA,"4% formalin",10.9883457,24.95144043,2017-06-16,2017-08-27,45.0583,-65.235,NA,NA,10,NA
"582","SB",2017-09-08,"2017","SB2017-06",FALSE,6,"7",192,NA,NA,"4% formalin",10.9883457,24.95144043,2017-06-16,2017-08-27,45.0583,-65.235,NA,NA,10,NA
"583","SB",2017-09-08,"2017","SB2017-06",FALSE,6,"7",192,NA,NA,"4% formalin",10.9883457,24.95144043,2017-06-16,2017-08-27,45.0583,-65.235,NA,NA,10,NA
"584","SB",2017-09-08,"2017","SB2017-06",FALSE,6,"7",192,NA,NA,"4% formalin",10.9883457,24.95144043,2017-06-16,2017-08-27,45.0583,-65.235,NA,NA,10,NA
"585","SB",2017-09-08,"2017","SB2017-06",FALSE,6,"7",192,NA,NA,"4% formalin",10.9883457,24.95144043,2017-06-16,2017-08-27,45.0583,-65.235,NA,NA,10,NA
"586","SB",2017-09-08,"2017","SB2017-06",FALSE,6,"7",192,NA,NA,"4% formalin",10.9883457,24.95144043,2017-06-16,2017-08-27,45.0583,-65.235,NA,NA,10,NA
"587","SB",2017-09-08,"2017","SB2017-06",FALSE,6,"7",192,NA,NA,"4% formalin",10.9883457,24.95144043,2017-06-16,2017-08-27,45.0583,-65.235,NA,NA,10,NA
"588","SB",2018-06-09,"2018","SB2018-01",FALSE,7,"1",22,0.208144594,105.6957549,"70% alcohol",7.054904545,8.562102273,2018-05-16,2018-06-18,45.065,-65.2283,45.06667,-65.2033,10,3
"589","SB",2018-06-09,"2018","SB2018-01",FALSE,7,"1",22,0.208144594,105.6957549,"70% alcohol",7.054904545,8.562102273,2018-05-16,2018-06-18,45.065,-65.2283,45.06667,-65.2033,10,3
"590","SB",2018-06-09,"2018","SB2018-01",FALSE,7,"1",22,0.208144594,105.6957549,"70% alcohol",7.054904545,8.562102273,2018-05-16,2018-06-18,45.065,-65.2283,45.06667,-65.2033,10,3
"591","SB",2018-06-09,"2018","SB2018-01",FALSE,7,"1",22,0.208144594,105.6957549,"70% alcohol",7.054904545,8.562102273,2018-05-16,2018-06-18,45.065,-65.2283,45.06667,-65.2033,10,3
"592","SB",2018-06-09,"2018","SB2018-01",FALSE,7,"1",22,0.208144594,105.6957549,"70% alcohol",7.054904545,8.562102273,2018-05-16,2018-06-18,45.065,-65.2283,45.06667,-65.2033,10,3
"593","SB",2018-06-09,"2018","SB2018-01",FALSE,7,"1",22,0.208144594,105.6957549,"70% alcohol",7.054904545,8.562102273,2018-05-16,2018-06-18,45.065,-65.2283,45.06667,-65.2033,10,3
"594","SB",2018-06-09,"2018","SB2018-01",FALSE,7,"1",22,0.208144594,105.6957549,"70% alcohol",7.054904545,8.562102273,2018-05-16,2018-06-18,45.065,-65.2283,45.06667,-65.2033,10,3
"595","SB",2018-06-09,"2018","SB2018-01",FALSE,7,"1",22,0.208144594,105.6957549,"70% alcohol",7.054904545,8.562102273,2018-05-16,2018-06-18,45.065,-65.2283,45.06667,-65.2033,10,3
"596","SB",2018-06-09,"2018","SB2018-01",FALSE,7,"1",22,0.208144594,105.6957549,"70% alcohol",7.054904545,8.562102273,2018-05-16,2018-06-18,45.065,-65.2283,45.06667,-65.2033,10,3
"597","SB",2018-06-09,"2018","SB2018-01",FALSE,7,"1",22,0.208144594,105.6957549,"70% alcohol",7.054904545,8.562102273,2018-05-16,2018-06-18,45.065,-65.2283,45.06667,-65.2033,10,3
"598","SB",2018-06-09,"2018","SB2018-01",FALSE,7,"1",22,0.208144594,105.6957549,"70% alcohol",7.054904545,8.562102273,2018-05-16,2018-06-18,45.065,-65.2283,45.06667,-65.2033,10,3
"599","SB",2018-06-09,"2018","SB2018-01",FALSE,7,"1",22,0.208144594,105.6957549,"70% alcohol",7.054904545,8.562102273,2018-05-16,2018-06-18,45.065,-65.2283,45.06667,-65.2033,10,3
"600","SB",2018-06-09,"2018","SB2018-01",FALSE,7,"1",22,0.208144594,105.6957549,"70% alcohol",7.054904545,8.562102273,2018-05-16,2018-06-18,45.065,-65.2283,45.06667,-65.2033,10,3
"601","SB",2018-06-09,"2018","SB2018-01",FALSE,7,"1",22,0.208144594,105.6957549,"70% alcohol",7.054904545,8.562102273,2018-05-16,2018-06-18,45.065,-65.2283,45.06667,-65.2033,10,3
"602","SB",2018-06-09,"2018","SB2018-01",FALSE,7,"1",22,0.208144594,105.6957549,"70% alcohol",7.054904545,8.562102273,2018-05-16,2018-06-18,45.065,-65.2283,45.06667,-65.2033,10,3
"603","SB",2018-06-09,"2018","SB2018-01",FALSE,7,"1",22,0.208144594,105.6957549,"70% alcohol",7.054904545,8.562102273,2018-05-16,2018-06-18,45.065,-65.2283,45.06667,-65.2033,10,3
"604","SB",2018-06-09,"2018","SB2018-01",FALSE,7,"1",22,0.208144594,105.6957549,"70% alcohol",7.054904545,8.562102273,2018-05-16,2018-06-18,45.065,-65.2283,45.06667,-65.2033,10,3
"605","SB",2018-06-09,"2018","SB2018-01",FALSE,7,"1",22,0.208144594,105.6957549,"70% alcohol",7.054904545,8.562102273,2018-05-16,2018-06-18,45.065,-65.2283,45.06667,-65.2033,10,3
"606","SB",2018-06-09,"2018","SB2018-01",FALSE,7,"1",22,0.208144594,105.6957549,"70% alcohol",7.054904545,8.562102273,2018-05-16,2018-06-18,45.065,-65.2283,45.06667,-65.2033,10,3
"607","SB",2018-06-09,"2018","SB2018-01",FALSE,7,"1",22,0.208144594,105.6957549,"70% alcohol",7.054904545,8.562102273,2018-05-16,2018-06-18,45.065,-65.2283,45.06667,-65.2033,10,3
"608","SB",2018-06-09,"2018","SB2018-01",FALSE,7,"1",22,0.208144594,105.6957549,"70% alcohol",7.054904545,8.562102273,2018-05-16,2018-06-18,45.065,-65.2283,45.06667,-65.2033,10,3
"609","SB",2018-06-09,"2018","SB2018-01",FALSE,7,"1",22,0.208144594,105.6957549,"70% alcohol",7.054904545,8.562102273,2018-05-16,2018-06-18,45.065,-65.2283,45.06667,-65.2033,10,3
"610","SB",2018-07-21,"2018","SB2018-06",FALSE,8,"4",3,0.00080429,3729.996438,"70% alcohol",10.43848333,22.66034722,2018-06-22,2018-07-06,45.0483,-65.229,45.0567,-65.2082,8,7
"611","SB",2018-07-21,"2018","SB2018-06",FALSE,8,"4",3,0.00080429,3729.996438,"70% alcohol",10.43848333,22.66034722,2018-06-22,2018-07-06,45.0483,-65.229,45.0567,-65.2082,8,7
"612","SB",2018-07-21,"2018","SB2018-06",FALSE,8,"4",3,0.00080429,3729.996438,"70% alcohol",10.43848333,22.66034722,2018-06-22,2018-07-06,45.0483,-65.229,45.0567,-65.2082,8,7
"613","SB",2018-08-05,"2018","SB2018-07",FALSE,9,"5",59,0.01263261,4670.452277,"4% formalin",9.452871429,18.55363095,2018-07-11,2018-07-23,45.05,-65.2167,45.0562,-65.2104,10,2
"614","SB",2018-08-05,"2018","SB2018-07",FALSE,9,"5",59,0.01263261,4670.452277,"4% formalin",9.452871429,18.55363095,2018-07-11,2018-07-23,45.05,-65.2167,45.0562,-65.2104,10,2
"615","SB",2018-08-05,"2018","SB2018-07",FALSE,9,"5",59,0.01263261,4670.452277,"4% formalin",9.452871429,18.55363095,2018-07-11,2018-07-23,45.05,-65.2167,45.0562,-65.2104,10,2
"616","SB",2018-08-05,"2018","SB2018-07",FALSE,9,"5",59,0.01263261,4670.452277,"4% formalin",9.452871429,18.55363095,2018-07-11,2018-07-23,45.05,-65.2167,45.0562,-65.2104,10,2
"617","SB",2018-08-05,"2018","SB2018-07",FALSE,9,"5",59,0.01263261,4670.452277,"4% formalin",9.452871429,18.55363095,2018-07-11,2018-07-23,45.05,-65.2167,45.0562,-65.2104,10,2
"618","SB",2018-08-05,"2018","SB2018-07",FALSE,9,"5",59,0.01263261,4670.452277,"4% formalin",9.452871429,18.55363095,2018-07-11,2018-07-23,45.05,-65.2167,45.0562,-65.2104,10,2
"619","SB",2018-08-05,"2018","SB2018-07",FALSE,9,"5",59,0.01263261,4670.452277,"4% formalin",9.452871429,18.55363095,2018-07-11,2018-07-23,45.05,-65.2167,45.0562,-65.2104,10,2
"620","SB",2018-08-05,"2018","SB2018-07",FALSE,9,"5",59,0.01263261,4670.452277,"4% formalin",9.452871429,18.55363095,2018-07-11,2018-07-23,45.05,-65.2167,45.0562,-65.2104,10,2
"621","SB",2018-08-05,"2018","SB2018-07",FALSE,9,"5",59,0.01263261,4670.452277,"4% formalin",9.452871429,18.55363095,2018-07-11,2018-07-23,45.05,-65.2167,45.0562,-65.2104,10,2
"622","SB",2018-08-05,"2018","SB2018-07",FALSE,9,"5",59,0.01263261,4670.452277,"4% formalin",9.452871429,18.55363095,2018-07-11,2018-07-23,45.05,-65.2167,45.0562,-65.2104,10,2
"623","SB",2018-08-05,"2018","SB2018-07",FALSE,9,"5",59,0.01263261,4670.452277,"4% formalin",9.452871429,18.55363095,2018-07-11,2018-07-23,45.05,-65.2167,45.0562,-65.2104,10,2
"624","SB",2018-08-05,"2018","SB2018-07",FALSE,9,"5",59,0.01263261,4670.452277,"4% formalin",9.452871429,18.55363095,2018-07-11,2018-07-23,45.05,-65.2167,45.0562,-65.2104,10,2
"625","SB",2018-08-05,"2018","SB2018-07",FALSE,9,"5",59,0.01263261,4670.452277,"4% formalin",9.452871429,18.55363095,2018-07-11,2018-07-23,45.05,-65.2167,45.0562,-65.2104,10,2
"626","SB",2018-08-05,"2018","SB2018-07",FALSE,9,"5",59,0.01263261,4670.452277,"4% formalin",9.452871429,18.55363095,2018-07-11,2018-07-23,45.05,-65.2167,45.0562,-65.2104,10,2
"627","SB",2018-08-05,"2018","SB2018-08",FALSE,10,"5",59,0.156452621,377.1109723,"4% formalin",6.283751333,5.348963889,2018-07-23,2018-08-14,45.21804,-64.7636,45.218,-64.7469,9,NA
"628","SB",2018-08-05,"2018","SB2018-08",FALSE,10,"5",59,0.156452621,377.1109723,"4% formalin",6.283751333,5.348963889,2018-07-23,2018-08-14,45.21804,-64.7636,45.218,-64.7469,9,NA
"629","SB",2018-08-05,"2018","SB2018-08",FALSE,10,"5",59,0.156452621,377.1109723,"4% formalin",6.283751333,5.348963889,2018-07-23,2018-08-14,45.21804,-64.7636,45.218,-64.7469,9,NA
"630","SB",2018-08-05,"2018","SB2018-08",FALSE,10,"5",59,0.156452621,377.1109723,"4% formalin",6.283751333,5.348963889,2018-07-23,2018-08-14,45.21804,-64.7636,45.218,-64.7469,9,NA
"631","SB",2018-08-05,"2018","SB2018-08",FALSE,10,"5",59,0.156452621,377.1109723,"4% formalin",6.283751333,5.348963889,2018-07-23,2018-08-14,45.21804,-64.7636,45.218,-64.7469,9,NA
"632","SB",2018-08-05,"2018","SB2018-08",FALSE,10,"5",59,0.156452621,377.1109723,"4% formalin",6.283751333,5.348963889,2018-07-23,2018-08-14,45.21804,-64.7636,45.218,-64.7469,9,NA
"633","SB",2018-08-05,"2018","SB2018-08",FALSE,10,"5",59,0.156452621,377.1109723,"4% formalin",6.283751333,5.348963889,2018-07-23,2018-08-14,45.21804,-64.7636,45.218,-64.7469,9,NA
"634","SB",2018-08-05,"2018","SB2018-08",FALSE,10,"5",59,0.156452621,377.1109723,"4% formalin",6.283751333,5.348963889,2018-07-23,2018-08-14,45.21804,-64.7636,45.218,-64.7469,9,NA
"635","SB",2018-08-05,"2018","SB2018-08",FALSE,10,"5",59,0.156452621,377.1109723,"4% formalin",6.283751333,5.348963889,2018-07-23,2018-08-14,45.21804,-64.7636,45.218,-64.7469,9,NA
"636","SB",2018-08-05,"2018","SB2018-08",FALSE,10,"5",59,0.156452621,377.1109723,"4% formalin",6.283751333,5.348963889,2018-07-23,2018-08-14,45.21804,-64.7636,45.218,-64.7469,9,NA
"637","SB",2018-08-05,"2018","SB2018-08",FALSE,10,"5",59,0.156452621,377.1109723,"4% formalin",6.283751333,5.348963889,2018-07-23,2018-08-14,45.21804,-64.7636,45.218,-64.7469,9,NA
"638","SB",2018-08-05,"2018","SB2018-08",FALSE,10,"5",59,0.156452621,377.1109723,"4% formalin",6.283751333,5.348963889,2018-07-23,2018-08-14,45.21804,-64.7636,45.218,-64.7469,9,NA
"639","SB",2018-08-05,"2018","SB2018-08",FALSE,10,"5",59,0.156452621,377.1109723,"4% formalin",6.283751333,5.348963889,2018-07-23,2018-08-14,45.21804,-64.7636,45.218,-64.7469,9,NA
"640","SB",2018-08-05,"2018","SB2018-08",FALSE,10,"5",59,0.156452621,377.1109723,"4% formalin",6.283751333,5.348963889,2018-07-23,2018-08-14,45.21804,-64.7636,45.218,-64.7469,9,NA
"641","SB",2018-08-05,"2018","SB2018-08",FALSE,10,"5",59,0.156452621,377.1109723,"4% formalin",6.283751333,5.348963889,2018-07-23,2018-08-14,45.21804,-64.7636,45.218,-64.7469,9,NA
"642","SB",2018-08-05,"2018","SB2018-08",FALSE,10,"5",59,0.156452621,377.1109723,"4% formalin",6.283751333,5.348963889,2018-07-23,2018-08-14,45.21804,-64.7636,45.218,-64.7469,9,NA
"643","SB",2018-08-05,"2018","SB2018-08",FALSE,10,"5",59,0.156452621,377.1109723,"4% formalin",6.283751333,5.348963889,2018-07-23,2018-08-14,45.21804,-64.7636,45.218,-64.7469,9,NA
"644","SB",2018-08-05,"2018","SB2018-08",FALSE,10,"5",59,0.156452621,377.1109723,"4% formalin",6.283751333,5.348963889,2018-07-23,2018-08-14,45.21804,-64.7636,45.218,-64.7469,9,NA
"645","SB",2018-08-05,"2018","SB2018-08",FALSE,10,"5",59,0.156452621,377.1109723,"4% formalin",6.283751333,5.348963889,2018-07-23,2018-08-14,45.21804,-64.7636,45.218,-64.7469,9,NA
"646","SB",2018-08-05,"2018","SB2018-08",FALSE,10,"5",59,0.156452621,377.1109723,"4% formalin",6.283751333,5.348963889,2018-07-23,2018-08-14,45.21804,-64.7636,45.218,-64.7469,9,NA
"647","SB",2018-08-05,"2018","SB2018-08",FALSE,10,"5",59,0.156452621,377.1109723,"4% formalin",6.283751333,5.348963889,2018-07-23,2018-08-14,45.21804,-64.7636,45.218,-64.7469,9,NA
"648","SB",2018-08-05,"2018","SB2018-08",FALSE,10,"5",59,0.156452621,377.1109723,"4% formalin",6.283751333,5.348963889,2018-07-23,2018-08-14,45.21804,-64.7636,45.218,-64.7469,9,NA
"649","SB",2018-08-05,"2018","SB2018-08",FALSE,10,"5",59,0.156452621,377.1109723,"4% formalin",6.283751333,5.348963889,2018-07-23,2018-08-14,45.21804,-64.7636,45.218,-64.7469,9,NA
"650","SB",2018-08-05,"2018","SB2018-08",FALSE,10,"5",59,0.156452621,377.1109723,"4% formalin",6.283751333,5.348963889,2018-07-23,2018-08-14,45.21804,-64.7636,45.218,-64.7469,9,NA
"651","SB",2018-08-05,"2018","SB2018-08",FALSE,10,"5",59,0.156452621,377.1109723,"4% formalin",6.283751333,5.348963889,2018-07-23,2018-08-14,45.21804,-64.7636,45.218,-64.7469,9,NA
"652","SB",2018-08-05,"2018","SB2018-08",FALSE,10,"5",59,0.156452621,377.1109723,"4% formalin",6.283751333,5.348963889,2018-07-23,2018-08-14,45.21804,-64.7636,45.218,-64.7469,9,NA
"653","SB",2018-08-05,"2018","SB2018-08",FALSE,10,"5",59,0.156452621,377.1109723,"4% formalin",6.283751333,5.348963889,2018-07-23,2018-08-14,45.21804,-64.7636,45.218,-64.7469,9,NA
"654","SB",2018-08-05,"2018","SB2018-08",FALSE,10,"5",59,0.156452621,377.1109723,"4% formalin",6.283751333,5.348963889,2018-07-23,2018-08-14,45.21804,-64.7636,45.218,-64.7469,9,NA
"655","SB",2018-08-05,"2018","SB2018-08",FALSE,10,"5",59,0.156452621,377.1109723,"4% formalin",6.283751333,5.348963889,2018-07-23,2018-08-14,45.21804,-64.7636,45.218,-64.7469,9,NA
"656","SB",2018-08-05,"2018","SB2018-08",FALSE,10,"5",59,0.156452621,377.1109723,"4% formalin",6.283751333,5.348963889,2018-07-23,2018-08-14,45.21804,-64.7636,45.218,-64.7469,9,NA
"657","SB",2018-08-05,"2018","SB2018-08",FALSE,10,"5",59,0.156452621,377.1109723,"4% formalin",6.283751333,5.348963889,2018-07-23,2018-08-14,45.21804,-64.7636,45.218,-64.7469,9,NA
"658","SB",2018-08-05,"2018","SB2018-08",FALSE,10,"5",59,0.156452621,377.1109723,"4% formalin",6.283751333,5.348963889,2018-07-23,2018-08-14,45.21804,-64.7636,45.218,-64.7469,9,NA
"659","SB",2018-08-05,"2018","SB2018-08",FALSE,10,"5",59,0.156452621,377.1109723,"4% formalin",6.283751333,5.348963889,2018-07-23,2018-08-14,45.21804,-64.7636,45.218,-64.7469,9,NA
"660","SB",2018-08-05,"2018","SB2018-08",FALSE,10,"5",59,0.156452621,377.1109723,"4% formalin",6.283751333,5.348963889,2018-07-23,2018-08-14,45.21804,-64.7636,45.218,-64.7469,9,NA
"661","SB",2018-08-05,"2018","SB2018-08",FALSE,10,"5",59,0.156452621,377.1109723,"4% formalin",6.283751333,5.348963889,2018-07-23,2018-08-14,45.21804,-64.7636,45.218,-64.7469,9,NA
"662","SB",2018-08-05,"2018","SB2018-08",FALSE,10,"5",59,0.156452621,377.1109723,"4% formalin",6.283751333,5.348963889,2018-07-23,2018-08-14,45.21804,-64.7636,45.218,-64.7469,9,NA
"663","SB",2018-08-05,"2018","SB2018-08",FALSE,10,"5",59,0.156452621,377.1109723,"4% formalin",6.283751333,5.348963889,2018-07-23,2018-08-14,45.21804,-64.7636,45.218,-64.7469,9,NA
"664","SB",2018-08-05,"2018","SB2018-08",FALSE,10,"5",59,0.156452621,377.1109723,"4% formalin",6.283751333,5.348963889,2018-07-23,2018-08-14,45.21804,-64.7636,45.218,-64.7469,9,NA
"665","SB",2018-08-05,"2018","SB2018-08",FALSE,10,"5",59,0.156452621,377.1109723,"4% formalin",6.283751333,5.348963889,2018-07-23,2018-08-14,45.21804,-64.7636,45.218,-64.7469,9,NA
"666","SB",2018-08-05,"2018","SB2018-08",FALSE,10,"5",59,0.156452621,377.1109723,"4% formalin",6.283751333,5.348963889,2018-07-23,2018-08-14,45.21804,-64.7636,45.218,-64.7469,9,NA
"667","SB",2018-08-05,"2018","SB2018-08",FALSE,10,"5",59,0.156452621,377.1109723,"4% formalin",6.283751333,5.348963889,2018-07-23,2018-08-14,45.21804,-64.7636,45.218,-64.7469,9,NA
"668","SB",2018-08-05,"2018","SB2018-08",FALSE,10,"5",59,0.156452621,377.1109723,"4% formalin",6.283751333,5.348963889,2018-07-23,2018-08-14,45.21804,-64.7636,45.218,-64.7469,9,NA
"669","SB",2018-08-05,"2018","SB2018-08",FALSE,10,"5",59,0.156452621,377.1109723,"4% formalin",6.283751333,5.348963889,2018-07-23,2018-08-14,45.21804,-64.7636,45.218,-64.7469,9,NA
"670","SB",2018-08-05,"2018","SB2018-08",FALSE,10,"5",59,0.156452621,377.1109723,"4% formalin",6.283751333,5.348963889,2018-07-23,2018-08-14,45.21804,-64.7636,45.218,-64.7469,9,NA
"671","SB",2018-08-05,"2018","SB2018-08",FALSE,10,"5",59,0.156452621,377.1109723,"4% formalin",6.283751333,5.348963889,2018-07-23,2018-08-14,45.21804,-64.7636,45.218,-64.7469,9,NA
"672","SB",2019-06-08,"2019","SB2019-01",TRUE,11,"1",6,0.001740636,3447.015471,"70% alcohol",10.802765,24.1781875,2019-05-05,2019-05-24,45.05,-65.017,45.2281,-65.302,10,NA
"673","SB",2019-06-08,"2019","SB2019-01",TRUE,11,"1",6,0.001740636,3447.015471,"70% alcohol",10.802765,24.1781875,2019-05-05,2019-05-24,45.05,-65.017,45.2281,-65.302,10,NA
"674","SB",2019-06-08,"2019","SB2019-01",TRUE,11,"1",6,0.001740636,3447.015471,"70% alcohol",10.802765,24.1781875,2019-05-05,2019-05-24,45.05,-65.017,45.2281,-65.302,10,NA
"675","SB",2019-06-08,"2019","SB2019-01",TRUE,11,"1",6,0.001740636,3447.015471,"70% alcohol",10.802765,24.1781875,2019-05-05,2019-05-24,45.05,-65.017,45.2281,-65.302,10,NA
"676","SB",2019-06-08,"2019","SB2019-02",TRUE,11,"1",6,0.00124727,4810.507594,"70% alcohol",6.441275,6.0053125,2019-05-19,2019-06-15,45.0931,-65.289,45.0972,-65.238,10,NA
"677","SB",2019-06-08,"2019","SB2019-02",TRUE,11,"1",6,0.00124727,4810.507594,"70% alcohol",6.441275,6.0053125,2019-05-19,2019-06-15,45.0931,-65.289,45.0972,-65.238,10,NA
"678","SB",2019-06-22,"2019","SB2019-03",TRUE,12,"2",30,0.055795194,537.6807214,"70% alcohol",6.761711,7.3404625,2019-06-04,2019-06-23,45.0506,-65.262,45.0708,-65.206,14,3.7
"679","SB",2019-06-22,"2019","SB2019-03",TRUE,12,"2",30,0.055795194,537.6807214,"70% alcohol",6.761711,7.3404625,2019-06-04,2019-06-23,45.0506,-65.262,45.0708,-65.206,14,3.7
"680","SB",2019-06-22,"2019","SB2019-03",TRUE,12,"2",30,0.055795194,537.6807214,"70% alcohol",6.761711,7.3404625,2019-06-04,2019-06-23,45.0506,-65.262,45.0708,-65.206,14,3.7
"681","SB",2019-06-22,"2019","SB2019-03",TRUE,12,"2",30,0.055795194,537.6807214,"70% alcohol",6.761711,7.3404625,2019-06-04,2019-06-23,45.0506,-65.262,45.0708,-65.206,14,3.7
"682","SB",2019-06-22,"2019","SB2019-03",TRUE,12,"2",30,0.055795194,537.6807214,"70% alcohol",6.761711,7.3404625,2019-06-04,2019-06-23,45.0506,-65.262,45.0708,-65.206,14,3.7
"683","SB",2019-06-22,"2019","SB2019-03",TRUE,12,"2",30,0.055795194,537.6807214,"70% alcohol",6.761711,7.3404625,2019-06-04,2019-06-23,45.0506,-65.262,45.0708,-65.206,14,3.7
"684","SB",2019-06-22,"2019","SB2019-03",TRUE,12,"2",30,0.055795194,537.6807214,"70% alcohol",6.761711,7.3404625,2019-06-04,2019-06-23,45.0506,-65.262,45.0708,-65.206,14,3.7
"685","SB",2019-06-22,"2019","SB2019-03",TRUE,12,"2",30,0.055795194,537.6807214,"70% alcohol",6.761711,7.3404625,2019-06-04,2019-06-23,45.0506,-65.262,45.0708,-65.206,14,3.7
"686","SB",2019-06-22,"2019","SB2019-03",TRUE,12,"2",30,0.055795194,537.6807214,"70% alcohol",6.761711,7.3404625,2019-06-04,2019-06-23,45.0506,-65.262,45.0708,-65.206,14,3.7
"687","SB",2019-06-22,"2019","SB2019-03",TRUE,12,"2",30,0.055795194,537.6807214,"70% alcohol",6.761711,7.3404625,2019-06-04,2019-06-23,45.0506,-65.262,45.0708,-65.206,14,3.7
"688","SB",2019-06-22,"2019","SB2019-04",TRUE,12,"2",30,0.078968797,379.8968828,"70% alcohol",5.765788,3.190783333,2019-06-11,2019-06-27,45.0708,-65.206,45.0452,-65.274,10,11.6
"689","SB",2019-06-22,"2019","SB2019-04",TRUE,12,"2",30,0.078968797,379.8968828,"70% alcohol",5.765788,3.190783333,2019-06-11,2019-06-27,45.0708,-65.206,45.0452,-65.274,10,11.6
"690","SB",2019-06-22,"2019","SB2019-04",TRUE,12,"2",30,0.078968797,379.8968828,"70% alcohol",5.765788,3.190783333,2019-06-11,2019-06-27,45.0708,-65.206,45.0452,-65.274,10,11.6
"691","SB",2019-06-22,"2019","SB2019-04",TRUE,12,"2",30,0.078968797,379.8968828,"70% alcohol",5.765788,3.190783333,2019-06-11,2019-06-27,45.0708,-65.206,45.0452,-65.274,10,11.6
"692","SB",2019-06-22,"2019","SB2019-04",TRUE,12,"2",30,0.078968797,379.8968828,"70% alcohol",5.765788,3.190783333,2019-06-11,2019-06-27,45.0708,-65.206,45.0452,-65.274,10,11.6
"693","SB",2019-06-22,"2019","SB2019-04",TRUE,12,"2",30,0.078968797,379.8968828,"70% alcohol",5.765788,3.190783333,2019-06-11,2019-06-27,45.0708,-65.206,45.0452,-65.274,10,11.6
"694","SB",2019-06-22,"2019","SB2019-04",TRUE,12,"2",30,0.078968797,379.8968828,"70% alcohol",5.765788,3.190783333,2019-06-11,2019-06-27,45.0708,-65.206,45.0452,-65.274,10,11.6
"695","SB",2019-06-22,"2019","SB2019-04",TRUE,12,"2",30,0.078968797,379.8968828,"70% alcohol",5.765788,3.190783333,2019-06-11,2019-06-27,45.0708,-65.206,45.0452,-65.274,10,11.6
"696","SB",2019-06-22,"2019","SB2019-04",TRUE,12,"2",30,0.078968797,379.8968828,"70% alcohol",5.765788,3.190783333,2019-06-11,2019-06-27,45.0708,-65.206,45.0452,-65.274,10,11.6
"697","SB",2019-06-22,"2019","SB2019-04",TRUE,12,"2",30,0.078968797,379.8968828,"70% alcohol",5.765788,3.190783333,2019-06-11,2019-06-27,45.0708,-65.206,45.0452,-65.274,10,11.6
"698","SB",2019-06-22,"2019","SB2019-04",TRUE,12,"2",30,0.078968797,379.8968828,"70% alcohol",5.765788,3.190783333,2019-06-11,2019-06-27,45.0708,-65.206,45.0452,-65.274,10,11.6
"699","SB",2019-06-22,"2019","SB2019-04",TRUE,12,"2",30,0.078968797,379.8968828,"70% alcohol",5.765788,3.190783333,2019-06-11,2019-06-27,45.0708,-65.206,45.0452,-65.274,10,11.6
"700","SB",2019-06-22,"2019","SB2019-04",TRUE,12,"2",30,0.078968797,379.8968828,"70% alcohol",5.765788,3.190783333,2019-06-11,2019-06-27,45.0708,-65.206,45.0452,-65.274,10,11.6
"701","SB",2019-06-22,"2019","SB2019-04",TRUE,12,"2",30,0.078968797,379.8968828,"70% alcohol",5.765788,3.190783333,2019-06-11,2019-06-27,45.0708,-65.206,45.0452,-65.274,10,11.6
"702","SB",2019-06-22,"2019","SB2019-04",TRUE,12,"2",30,0.078968797,379.8968828,"70% alcohol",5.765788,3.190783333,2019-06-11,2019-06-27,45.0708,-65.206,45.0452,-65.274,10,11.6
"703","SB",2019-06-22,"2019","SB2019-04",TRUE,12,"2",30,0.078968797,379.8968828,"70% alcohol",5.765788,3.190783333,2019-06-11,2019-06-27,45.0708,-65.206,45.0452,-65.274,10,11.6
"704","SB",2019-06-22,"2019","SB2019-04",TRUE,12,"2",30,0.078968797,379.8968828,"70% alcohol",5.765788,3.190783333,2019-06-11,2019-06-27,45.0708,-65.206,45.0452,-65.274,10,11.6
"705","SB",2019-06-22,"2019","SB2019-04",TRUE,12,"2",30,0.078968797,379.8968828,"70% alcohol",5.765788,3.190783333,2019-06-11,2019-06-27,45.0708,-65.206,45.0452,-65.274,10,11.6
"706","SB",2019-06-22,"2019","SB2019-04",TRUE,12,"2",30,0.078968797,379.8968828,"70% alcohol",5.765788,3.190783333,2019-06-11,2019-06-27,45.0708,-65.206,45.0452,-65.274,10,11.6
"707","SB",2019-06-22,"2019","SB2019-04",TRUE,12,"2",30,0.078968797,379.8968828,"70% alcohol",5.765788,3.190783333,2019-06-11,2019-06-27,45.0708,-65.206,45.0452,-65.274,10,11.6
"708","SB",2019-07-06,"2019","SB2019-06",TRUE,13,"3",12,0.042775755,280.5327425,"70% alcohol",8.7728425,15.72017708,2019-05-30,2019-07-05,45.0483,-65.2183,45.0433,-65.24,21,NA
"709","SB",2019-07-06,"2019","SB2019-06",TRUE,13,"3",12,0.042775755,280.5327425,"70% alcohol",8.7728425,15.72017708,2019-05-30,2019-07-05,45.0483,-65.2183,45.0433,-65.24,21,NA
"710","SB",2019-07-06,"2019","SB2019-06",TRUE,13,"3",12,0.042775755,280.5327425,"70% alcohol",8.7728425,15.72017708,2019-05-30,2019-07-05,45.0483,-65.2183,45.0433,-65.24,21,NA
"711","SB",2019-07-06,"2019","SB2019-06",TRUE,13,"3",12,0.042775755,280.5327425,"70% alcohol",8.7728425,15.72017708,2019-05-30,2019-07-05,45.0483,-65.2183,45.0433,-65.24,21,NA
"712","SB",2019-07-06,"2019","SB2019-06",TRUE,13,"3",12,0.042775755,280.5327425,"70% alcohol",8.7728425,15.72017708,2019-05-30,2019-07-05,45.0483,-65.2183,45.0433,-65.24,21,NA
"713","SB",2019-07-06,"2019","SB2019-06",TRUE,13,"3",12,0.042775755,280.5327425,"70% alcohol",8.7728425,15.72017708,2019-05-30,2019-07-05,45.0483,-65.2183,45.0433,-65.24,21,NA
"714","SB",2019-07-06,"2019","SB2019-06",TRUE,13,"3",12,0.042775755,280.5327425,"70% alcohol",8.7728425,15.72017708,2019-05-30,2019-07-05,45.0483,-65.2183,45.0433,-65.24,21,NA
"715","SB",2019-07-06,"2019","SB2019-06",TRUE,13,"3",12,0.042775755,280.5327425,"70% alcohol",8.7728425,15.72017708,2019-05-30,2019-07-05,45.0483,-65.2183,45.0433,-65.24,21,NA
"716","SB",2019-07-06,"2019","SB2019-06",TRUE,13,"3",12,0.042775755,280.5327425,"70% alcohol",8.7728425,15.72017708,2019-05-30,2019-07-05,45.0483,-65.2183,45.0433,-65.24,21,NA
"717","SB",2019-07-06,"2019","SB2019-06",TRUE,13,"3",12,0.042775755,280.5327425,"70% alcohol",8.7728425,15.72017708,2019-05-30,2019-07-05,45.0483,-65.2183,45.0433,-65.24,21,NA
"718","SB",2019-07-06,"2019","SB2019-06",TRUE,13,"3",12,0.042775755,280.5327425,"70% alcohol",8.7728425,15.72017708,2019-05-30,2019-07-05,45.0483,-65.2183,45.0433,-65.24,21,NA
"719","SB",2019-07-06,"2019","SB2019-06",TRUE,13,"3",12,0.042775755,280.5327425,"70% alcohol",8.7728425,15.72017708,2019-05-30,2019-07-05,45.0483,-65.2183,45.0433,-65.24,21,NA
"720","SB",2019-08-04,"2019","SB2019-08",TRUE,14,"5",1,6.78e-05,14739.4081,"70% alcohol",17.1472,50.61333333,2019-06-14,2019-06-14,45.05,-66.2,45.0565,-66.2028,10,NA
"721","SB",2019-09-15,"2019","SB2019-12",TRUE,15,"8",92,NA,NA,"4% formalin",8.004864643,12.52026935,2019-08-17,2019-09-12,45.05,-65.2,45.0562,-65.202,10,15.288
"722","SB",2019-09-15,"2019","SB2019-12",TRUE,15,"8",92,NA,NA,"4% formalin",8.004864643,12.52026935,2019-08-17,2019-09-12,45.05,-65.2,45.0562,-65.202,10,15.288
"723","SB",2019-09-15,"2019","SB2019-12",TRUE,15,"8",92,NA,NA,"4% formalin",8.004864643,12.52026935,2019-08-17,2019-09-12,45.05,-65.2,45.0562,-65.202,10,15.288
"724","SB",2019-09-15,"2019","SB2019-12",TRUE,15,"8",92,NA,NA,"4% formalin",8.004864643,12.52026935,2019-08-17,2019-09-12,45.05,-65.2,45.0562,-65.202,10,15.288
"725","SB",2019-09-15,"2019","SB2019-12",TRUE,15,"8",92,NA,NA,"4% formalin",8.004864643,12.52026935,2019-08-17,2019-09-12,45.05,-65.2,45.0562,-65.202,10,15.288
"726","SB",2019-09-15,"2019","SB2019-12",TRUE,15,"8",92,NA,NA,"4% formalin",8.004864643,12.52026935,2019-08-17,2019-09-12,45.05,-65.2,45.0562,-65.202,10,15.288
"727","SB",2019-09-15,"2019","SB2019-12",TRUE,15,"8",92,NA,NA,"4% formalin",8.004864643,12.52026935,2019-08-17,2019-09-12,45.05,-65.2,45.0562,-65.202,10,15.288
"728","SB",2019-09-15,"2019","SB2019-12",TRUE,15,"8",92,NA,NA,"4% formalin",8.004864643,12.52026935,2019-08-17,2019-09-12,45.05,-65.2,45.0562,-65.202,10,15.288
"729","SB",2019-09-15,"2019","SB2019-12",TRUE,15,"8",92,NA,NA,"4% formalin",8.004864643,12.52026935,2019-08-17,2019-09-12,45.05,-65.2,45.0562,-65.202,10,15.288
"730","SB",2019-09-15,"2019","SB2019-12",TRUE,15,"8",92,NA,NA,"4% formalin",8.004864643,12.52026935,2019-08-17,2019-09-12,45.05,-65.2,45.0562,-65.202,10,15.288
"731","SB",2019-09-15,"2019","SB2019-12",TRUE,15,"8",92,NA,NA,"4% formalin",8.004864643,12.52026935,2019-08-17,2019-09-12,45.05,-65.2,45.0562,-65.202,10,15.288
"732","SB",2019-09-15,"2019","SB2019-12",TRUE,15,"8",92,NA,NA,"4% formalin",8.004864643,12.52026935,2019-08-17,2019-09-12,45.05,-65.2,45.0562,-65.202,10,15.288
"733","SB",2019-09-15,"2019","SB2019-12",TRUE,15,"8",92,NA,NA,"4% formalin",8.004864643,12.52026935,2019-08-17,2019-09-12,45.05,-65.2,45.0562,-65.202,10,15.288
"734","SB",2019-09-15,"2019","SB2019-12",TRUE,15,"8",92,NA,NA,"4% formalin",8.004864643,12.52026935,2019-08-17,2019-09-12,45.05,-65.2,45.0562,-65.202,10,15.288
"735","SB",2019-09-15,"2019","SB2019-12",TRUE,15,"8",92,NA,NA,"4% formalin",8.004864643,12.52026935,2019-08-17,2019-09-12,45.05,-65.2,45.0562,-65.202,10,15.288
"736","SB",2019-09-15,"2019","SB2019-12",TRUE,15,"8",92,NA,NA,"4% formalin",8.004864643,12.52026935,2019-08-17,2019-09-12,45.05,-65.2,45.0562,-65.202,10,15.288
"737","SB",2019-09-15,"2019","SB2019-12",TRUE,15,"8",92,NA,NA,"4% formalin",8.004864643,12.52026935,2019-08-17,2019-09-12,45.05,-65.2,45.0562,-65.202,10,15.288
"738","SB",2019-09-15,"2019","SB2019-12",TRUE,15,"8",92,NA,NA,"4% formalin",8.004864643,12.52026935,2019-08-17,2019-09-12,45.05,-65.2,45.0562,-65.202,10,15.288
"739","SB",2019-09-15,"2019","SB2019-12",TRUE,15,"8",92,NA,NA,"4% formalin",8.004864643,12.52026935,2019-08-17,2019-09-12,45.05,-65.2,45.0562,-65.202,10,15.288
"740","SB",2019-09-15,"2019","SB2019-12",TRUE,15,"8",92,NA,NA,"4% formalin",8.004864643,12.52026935,2019-08-17,2019-09-12,45.05,-65.2,45.0562,-65.202,10,15.288
"741","SB",2019-09-15,"2019","SB2019-12",TRUE,15,"8",92,NA,NA,"4% formalin",8.004864643,12.52026935,2019-08-17,2019-09-12,45.05,-65.2,45.0562,-65.202,10,15.288
"742","SB",2019-09-15,"2019","SB2019-12",TRUE,15,"8",92,NA,NA,"4% formalin",8.004864643,12.52026935,2019-08-17,2019-09-12,45.05,-65.2,45.0562,-65.202,10,15.288
"743","SB",2019-09-15,"2019","SB2019-12",TRUE,15,"8",92,NA,NA,"4% formalin",8.004864643,12.52026935,2019-08-17,2019-09-12,45.05,-65.2,45.0562,-65.202,10,15.288
"744","SB",2019-09-15,"2019","SB2019-12",TRUE,15,"8",92,NA,NA,"4% formalin",8.004864643,12.52026935,2019-08-17,2019-09-12,45.05,-65.2,45.0562,-65.202,10,15.288
"745","SB",2019-09-15,"2019","SB2019-12",TRUE,15,"8",92,NA,NA,"4% formalin",8.004864643,12.52026935,2019-08-17,2019-09-12,45.05,-65.2,45.0562,-65.202,10,15.288
"746","SB",2019-09-15,"2019","SB2019-12",TRUE,15,"8",92,NA,NA,"4% formalin",8.004864643,12.52026935,2019-08-17,2019-09-12,45.05,-65.2,45.0562,-65.202,10,15.288
"747","SB",2019-09-15,"2019","SB2019-12",TRUE,15,"8",92,NA,NA,"4% formalin",8.004864643,12.52026935,2019-08-17,2019-09-12,45.05,-65.2,45.0562,-65.202,10,15.288
"748","SB",2019-09-15,"2019","SB2019-12",TRUE,15,"8",92,NA,NA,"4% formalin",8.004864643,12.52026935,2019-08-17,2019-09-12,45.05,-65.2,45.0562,-65.202,10,15.288
"749","SB",2019-09-15,"2019","SB2019-13",TRUE,15,"8",92,0.001626322,56569.34733,"70% alcohol",8.108667188,12.95277995,2019-08-14,2019-09-16,45.0556,-65.2049,45.0645,-65.2049,10,16.509
"750","SB",2019-09-15,"2019","SB2019-13",TRUE,15,"8",92,0.001626322,56569.34733,"70% alcohol",8.108667188,12.95277995,2019-08-14,2019-09-16,45.0556,-65.2049,45.0645,-65.2049,10,16.509
"751","SB",2019-09-15,"2019","SB2019-13",TRUE,15,"8",92,0.001626322,56569.34733,"70% alcohol",8.108667188,12.95277995,2019-08-14,2019-09-16,45.0556,-65.2049,45.0645,-65.2049,10,16.509
"752","SB",2019-09-15,"2019","SB2019-13",TRUE,15,"8",92,0.001626322,56569.34733,"70% alcohol",8.108667188,12.95277995,2019-08-14,2019-09-16,45.0556,-65.2049,45.0645,-65.2049,10,16.509
"753","SB",2019-09-15,"2019","SB2019-13",TRUE,15,"8",92,0.001626322,56569.34733,"70% alcohol",8.108667188,12.95277995,2019-08-14,2019-09-16,45.0556,-65.2049,45.0645,-65.2049,10,16.509
"754","SB",2019-09-15,"2019","SB2019-13",TRUE,15,"8",92,0.001626322,56569.34733,"70% alcohol",8.108667188,12.95277995,2019-08-14,2019-09-16,45.0556,-65.2049,45.0645,-65.2049,10,16.509
"755","SB",2019-09-15,"2019","SB2019-13",TRUE,15,"8",92,0.001626322,56569.34733,"70% alcohol",8.108667188,12.95277995,2019-08-14,2019-09-16,45.0556,-65.2049,45.0645,-65.2049,10,16.509
"756","SB",2019-09-15,"2019","SB2019-13",TRUE,15,"8",92,0.001626322,56569.34733,"70% alcohol",8.108667188,12.95277995,2019-08-14,2019-09-16,45.0556,-65.2049,45.0645,-65.2049,10,16.509
"757","SB",2019-09-15,"2019","SB2019-13",TRUE,15,"8",92,0.001626322,56569.34733,"70% alcohol",8.108667188,12.95277995,2019-08-14,2019-09-16,45.0556,-65.2049,45.0645,-65.2049,10,16.509
"758","SB",2019-09-15,"2019","SB2019-13",TRUE,15,"8",92,0.001626322,56569.34733,"70% alcohol",8.108667188,12.95277995,2019-08-14,2019-09-16,45.0556,-65.2049,45.0645,-65.2049,10,16.509
"759","SB",2019-09-15,"2019","SB2019-13",TRUE,15,"8",92,0.001626322,56569.34733,"70% alcohol",8.108667188,12.95277995,2019-08-14,2019-09-16,45.0556,-65.2049,45.0645,-65.2049,10,16.509
"760","SB",2019-09-15,"2019","SB2019-13",TRUE,15,"8",92,0.001626322,56569.34733,"70% alcohol",8.108667188,12.95277995,2019-08-14,2019-09-16,45.0556,-65.2049,45.0645,-65.2049,10,16.509
"761","SB",2019-09-15,"2019","SB2019-13",TRUE,15,"8",92,0.001626322,56569.34733,"70% alcohol",8.108667188,12.95277995,2019-08-14,2019-09-16,45.0556,-65.2049,45.0645,-65.2049,10,16.509
"762","SB",2019-09-15,"2019","SB2019-13",TRUE,15,"8",92,0.001626322,56569.34733,"70% alcohol",8.108667188,12.95277995,2019-08-14,2019-09-16,45.0556,-65.2049,45.0645,-65.2049,10,16.509
"763","SB",2019-09-15,"2019","SB2019-13",TRUE,15,"8",92,0.001626322,56569.34733,"70% alcohol",8.108667188,12.95277995,2019-08-14,2019-09-16,45.0556,-65.2049,45.0645,-65.2049,10,16.509
"764","SB",2019-09-15,"2019","SB2019-13",TRUE,15,"8",92,0.001626322,56569.34733,"70% alcohol",8.108667188,12.95277995,2019-08-14,2019-09-16,45.0556,-65.2049,45.0645,-65.2049,10,16.509
"765","SB",2019-09-15,"2019","SB2019-13",TRUE,15,"8",92,0.001626322,56569.34733,"70% alcohol",8.108667188,12.95277995,2019-08-14,2019-09-16,45.0556,-65.2049,45.0645,-65.2049,10,16.509
"766","SB",2019-09-15,"2019","SB2019-13",TRUE,15,"8",92,0.001626322,56569.34733,"70% alcohol",8.108667188,12.95277995,2019-08-14,2019-09-16,45.0556,-65.2049,45.0645,-65.2049,10,16.509
"767","SB",2019-09-15,"2019","SB2019-13",TRUE,15,"8",92,0.001626322,56569.34733,"70% alcohol",8.108667188,12.95277995,2019-08-14,2019-09-16,45.0556,-65.2049,45.0645,-65.2049,10,16.509
"768","SB",2019-09-15,"2019","SB2019-13",TRUE,15,"8",92,0.001626322,56569.34733,"70% alcohol",8.108667188,12.95277995,2019-08-14,2019-09-16,45.0556,-65.2049,45.0645,-65.2049,10,16.509
"769","SB",2019-09-15,"2019","SB2019-13",TRUE,15,"8",92,0.001626322,56569.34733,"70% alcohol",8.108667188,12.95277995,2019-08-14,2019-09-16,45.0556,-65.2049,45.0645,-65.2049,10,16.509
"770","SB",2019-09-15,"2019","SB2019-13",TRUE,15,"8",92,0.001626322,56569.34733,"70% alcohol",8.108667188,12.95277995,2019-08-14,2019-09-16,45.0556,-65.2049,45.0645,-65.2049,10,16.509
"771","SB",2019-09-15,"2019","SB2019-13",TRUE,15,"8",92,0.001626322,56569.34733,"70% alcohol",8.108667188,12.95277995,2019-08-14,2019-09-16,45.0556,-65.2049,45.0645,-65.2049,10,16.509
"772","SB",2019-09-15,"2019","SB2019-13",TRUE,15,"8",92,0.001626322,56569.34733,"70% alcohol",8.108667188,12.95277995,2019-08-14,2019-09-16,45.0556,-65.2049,45.0645,-65.2049,10,16.509
"773","SB",2019-09-15,"2019","SB2019-13",TRUE,15,"8",92,0.001626322,56569.34733,"70% alcohol",8.108667188,12.95277995,2019-08-14,2019-09-16,45.0556,-65.2049,45.0645,-65.2049,10,16.509
"774","SB",2019-09-15,"2019","SB2019-13",TRUE,15,"8",92,0.001626322,56569.34733,"70% alcohol",8.108667188,12.95277995,2019-08-14,2019-09-16,45.0556,-65.2049,45.0645,-65.2049,10,16.509
"775","SB",2019-09-15,"2019","SB2019-13",TRUE,15,"8",92,0.001626322,56569.34733,"70% alcohol",8.108667188,12.95277995,2019-08-14,2019-09-16,45.0556,-65.2049,45.0645,-65.2049,10,16.509
"776","SB",2019-09-15,"2019","SB2019-13",TRUE,15,"8",92,0.001626322,56569.34733,"70% alcohol",8.108667188,12.95277995,2019-08-14,2019-09-16,45.0556,-65.2049,45.0645,-65.2049,10,16.509
"777","SB",2019-09-15,"2019","SB2019-13",TRUE,15,"8",92,0.001626322,56569.34733,"70% alcohol",8.108667188,12.95277995,2019-08-14,2019-09-16,45.0556,-65.2049,45.0645,-65.2049,10,16.509
"778","SB",2019-09-15,"2019","SB2019-13",TRUE,15,"8",92,0.001626322,56569.34733,"70% alcohol",8.108667188,12.95277995,2019-08-14,2019-09-16,45.0556,-65.2049,45.0645,-65.2049,10,16.509
"779","SB",2019-09-15,"2019","SB2019-13",TRUE,15,"8",92,0.001626322,56569.34733,"70% alcohol",8.108667188,12.95277995,2019-08-14,2019-09-16,45.0556,-65.2049,45.0645,-65.2049,10,16.509
"780","SB",2019-09-15,"2019","SB2019-13",TRUE,15,"8",92,0.001626322,56569.34733,"70% alcohol",8.108667188,12.95277995,2019-08-14,2019-09-16,45.0556,-65.2049,45.0645,-65.2049,10,16.509
"781","SB",2019-09-15,"2019","SB2019-13",TRUE,15,"8",92,0.001626322,56569.34733,"70% alcohol",8.108667188,12.95277995,2019-08-14,2019-09-16,45.0556,-65.2049,45.0645,-65.2049,10,16.509
"782","SB",2019-09-15,"2019","SB2019-13",TRUE,15,"8",92,0.001626322,56569.34733,"70% alcohol",8.108667188,12.95277995,2019-08-14,2019-09-16,45.0556,-65.2049,45.0645,-65.2049,10,16.509
"783","SB",2019-09-15,"2019","SB2019-13",TRUE,15,"8",92,0.001626322,56569.34733,"70% alcohol",8.108667188,12.95277995,2019-08-14,2019-09-16,45.0556,-65.2049,45.0645,-65.2049,10,16.509
"784","SB",2019-09-15,"2019","SB2019-13",TRUE,15,"8",92,0.001626322,56569.34733,"70% alcohol",8.108667188,12.95277995,2019-08-14,2019-09-16,45.0556,-65.2049,45.0645,-65.2049,10,16.509
"785","SB",2019-09-15,"2019","SB2019-13",TRUE,15,"8",92,0.001626322,56569.34733,"70% alcohol",8.108667188,12.95277995,2019-08-14,2019-09-16,45.0556,-65.2049,45.0645,-65.2049,10,16.509
"786","SB",2019-09-15,"2019","SB2019-13",TRUE,15,"8",92,0.001626322,56569.34733,"70% alcohol",8.108667188,12.95277995,2019-08-14,2019-09-16,45.0556,-65.2049,45.0645,-65.2049,10,16.509
"787","SB",2019-09-15,"2019","SB2019-13",TRUE,15,"8",92,0.001626322,56569.34733,"70% alcohol",8.108667188,12.95277995,2019-08-14,2019-09-16,45.0556,-65.2049,45.0645,-65.2049,10,16.509
"788","SB",2019-09-15,"2019","SB2019-13",TRUE,15,"8",92,0.001626322,56569.34733,"70% alcohol",8.108667188,12.95277995,2019-08-14,2019-09-16,45.0556,-65.2049,45.0645,-65.2049,10,16.509
"789","SB",2019-09-15,"2019","SB2019-13",TRUE,15,"8",92,0.001626322,56569.34733,"70% alcohol",8.108667188,12.95277995,2019-08-14,2019-09-16,45.0556,-65.2049,45.0645,-65.2049,10,16.509
"790","SB",2019-09-15,"2019","SB2019-13",TRUE,15,"8",92,0.001626322,56569.34733,"70% alcohol",8.108667188,12.95277995,2019-08-14,2019-09-16,45.0556,-65.2049,45.0645,-65.2049,10,16.509
"791","SB",2019-09-15,"2019","SB2019-13",TRUE,15,"8",92,0.001626322,56569.34733,"70% alcohol",8.108667188,12.95277995,2019-08-14,2019-09-16,45.0556,-65.2049,45.0645,-65.2049,10,16.509
"792","SB",2019-09-15,"2019","SB2019-13",TRUE,15,"8",92,0.001626322,56569.34733,"70% alcohol",8.108667188,12.95277995,2019-08-14,2019-09-16,45.0556,-65.2049,45.0645,-65.2049,10,16.509
"793","SB",2019-09-15,"2019","SB2019-13",TRUE,15,"8",92,0.001626322,56569.34733,"70% alcohol",8.108667188,12.95277995,2019-08-14,2019-09-16,45.0556,-65.2049,45.0645,-65.2049,10,16.509
"794","SB",2019-09-15,"2019","SB2019-13",TRUE,15,"8",92,0.001626322,56569.34733,"70% alcohol",8.108667188,12.95277995,2019-08-14,2019-09-16,45.0556,-65.2049,45.0645,-65.2049,10,16.509
"795","SB",2019-09-15,"2019","SB2019-13",TRUE,15,"8",92,0.001626322,56569.34733,"70% alcohol",8.108667188,12.95277995,2019-08-14,2019-09-16,45.0556,-65.2049,45.0645,-65.2049,10,16.509
"796","SB",2019-09-15,"2019","SB2019-13",TRUE,15,"8",92,0.001626322,56569.34733,"70% alcohol",8.108667188,12.95277995,2019-08-14,2019-09-16,45.0556,-65.2049,45.0645,-65.2049,10,16.509
"797","SB",2019-09-15,"2019","SB2019-13",TRUE,15,"8",92,0.001626322,56569.34733,"70% alcohol",8.108667188,12.95277995,2019-08-14,2019-09-16,45.0556,-65.2049,45.0645,-65.2049,10,16.509
"798","SB",2019-09-15,"2019","SB2019-13",TRUE,15,"8",92,0.001626322,56569.34733,"70% alcohol",8.108667188,12.95277995,2019-08-14,2019-09-16,45.0556,-65.2049,45.0645,-65.2049,10,16.509
"799","SB",2019-09-15,"2019","SB2019-13",TRUE,15,"8",92,0.001626322,56569.34733,"70% alcohol",8.108667188,12.95277995,2019-08-14,2019-09-16,45.0556,-65.2049,45.0645,-65.2049,10,16.509
"800","SB",2019-09-15,"2019","SB2019-13",TRUE,15,"8",92,0.001626322,56569.34733,"70% alcohol",8.108667188,12.95277995,2019-08-14,2019-09-16,45.0556,-65.2049,45.0645,-65.2049,10,16.509
"801","SB",2019-09-15,"2019","SB2019-13",TRUE,15,"8",92,0.001626322,56569.34733,"70% alcohol",8.108667188,12.95277995,2019-08-14,2019-09-16,45.0556,-65.2049,45.0645,-65.2049,10,16.509
"802","SB",2019-09-15,"2019","SB2019-13",TRUE,15,"8",92,0.001626322,56569.34733,"70% alcohol",8.108667188,12.95277995,2019-08-14,2019-09-16,45.0556,-65.2049,45.0645,-65.2049,10,16.509
"803","SB",2019-09-15,"2019","SB2019-13",TRUE,15,"8",92,0.001626322,56569.34733,"70% alcohol",8.108667188,12.95277995,2019-08-14,2019-09-16,45.0556,-65.2049,45.0645,-65.2049,10,16.509
"804","SB",2019-09-15,"2019","SB2019-13",TRUE,15,"8",92,0.001626322,56569.34733,"70% alcohol",8.108667188,12.95277995,2019-08-14,2019-09-16,45.0556,-65.2049,45.0645,-65.2049,10,16.509
"805","SB",2019-09-15,"2019","SB2019-13",TRUE,15,"8",92,0.001626322,56569.34733,"70% alcohol",8.108667188,12.95277995,2019-08-14,2019-09-16,45.0556,-65.2049,45.0645,-65.2049,10,16.509
"806","SB",2019-09-15,"2019","SB2019-13",TRUE,15,"8",92,0.001626322,56569.34733,"70% alcohol",8.108667188,12.95277995,2019-08-14,2019-09-16,45.0556,-65.2049,45.0645,-65.2049,10,16.509
"807","SB",2019-09-15,"2019","SB2019-13",TRUE,15,"8",92,0.001626322,56569.34733,"70% alcohol",8.108667188,12.95277995,2019-08-14,2019-09-16,45.0556,-65.2049,45.0645,-65.2049,10,16.509
"808","SB",2019-09-15,"2019","SB2019-13",TRUE,15,"8",92,0.001626322,56569.34733,"70% alcohol",8.108667188,12.95277995,2019-08-14,2019-09-16,45.0556,-65.2049,45.0645,-65.2049,10,16.509
"809","SB",2019-09-15,"2019","SB2019-13",TRUE,15,"8",92,0.001626322,56569.34733,"70% alcohol",8.108667188,12.95277995,2019-08-14,2019-09-16,45.0556,-65.2049,45.0645,-65.2049,10,16.509
"810","SB",2019-09-15,"2019","SB2019-13",TRUE,15,"8",92,0.001626322,56569.34733,"70% alcohol",8.108667188,12.95277995,2019-08-14,2019-09-16,45.0556,-65.2049,45.0645,-65.2049,10,16.509
"811","SB",2019-09-15,"2019","SB2019-13",TRUE,15,"8",92,0.001626322,56569.34733,"70% alcohol",8.108667188,12.95277995,2019-08-14,2019-09-16,45.0556,-65.2049,45.0645,-65.2049,10,16.509
"812","SB",2019-09-15,"2019","SB2019-13",TRUE,15,"8",92,0.001626322,56569.34733,"70% alcohol",8.108667188,12.95277995,2019-08-14,2019-09-16,45.0556,-65.2049,45.0645,-65.2049,10,16.509
"813","SB",2020-06-14,"2020","SB2020-01",TRUE,17,"2",43,NA,NA,"4% formalin",6.627295385,6.780397436,2020-05-24,2020-06-18,45.02,-65.12,45.03,-65.11,9,11.78051004
"814","SB",2020-06-14,"2020","SB2020-01",TRUE,17,"2",43,NA,NA,"4% formalin",6.627295385,6.780397436,2020-05-24,2020-06-18,45.02,-65.12,45.03,-65.11,9,11.78051004
"815","SB",2020-06-14,"2020","SB2020-01",TRUE,17,"2",43,NA,NA,"4% formalin",6.627295385,6.780397436,2020-05-24,2020-06-18,45.02,-65.12,45.03,-65.11,9,11.78051004
"816","SB",2020-06-14,"2020","SB2020-01",TRUE,17,"2",43,NA,NA,"4% formalin",6.627295385,6.780397436,2020-05-24,2020-06-18,45.02,-65.12,45.03,-65.11,9,11.78051004
"817","SB",2020-06-14,"2020","SB2020-01",TRUE,17,"2",43,NA,NA,"4% formalin",6.627295385,6.780397436,2020-05-24,2020-06-18,45.02,-65.12,45.03,-65.11,9,11.78051004
"818","SB",2020-06-14,"2020","SB2020-01",TRUE,17,"2",43,NA,NA,"4% formalin",6.627295385,6.780397436,2020-05-24,2020-06-18,45.02,-65.12,45.03,-65.11,9,11.78051004
"819","SB",2020-06-14,"2020","SB2020-01",TRUE,17,"2",43,NA,NA,"4% formalin",6.627295385,6.780397436,2020-05-24,2020-06-18,45.02,-65.12,45.03,-65.11,9,11.78051004
"820","SB",2020-06-14,"2020","SB2020-01",TRUE,17,"2",43,NA,NA,"4% formalin",6.627295385,6.780397436,2020-05-24,2020-06-18,45.02,-65.12,45.03,-65.11,9,11.78051004
"821","SB",2020-06-14,"2020","SB2020-01",TRUE,17,"2",43,NA,NA,"4% formalin",6.627295385,6.780397436,2020-05-24,2020-06-18,45.02,-65.12,45.03,-65.11,9,11.78051004
"822","SB",2020-06-14,"2020","SB2020-01",TRUE,17,"2",43,NA,NA,"4% formalin",6.627295385,6.780397436,2020-05-24,2020-06-18,45.02,-65.12,45.03,-65.11,9,11.78051004
"823","SB",2020-06-14,"2020","SB2020-01",TRUE,17,"2",43,NA,NA,"4% formalin",6.627295385,6.780397436,2020-05-24,2020-06-18,45.02,-65.12,45.03,-65.11,9,11.78051004
"824","SB",2020-06-14,"2020","SB2020-01",TRUE,17,"2",43,NA,NA,"4% formalin",6.627295385,6.780397436,2020-05-24,2020-06-18,45.02,-65.12,45.03,-65.11,9,11.78051004
"825","SB",2020-06-14,"2020","SB2020-01",TRUE,17,"2",43,NA,NA,"4% formalin",6.627295385,6.780397436,2020-05-24,2020-06-18,45.02,-65.12,45.03,-65.11,9,11.78051004
"826","SB",2020-06-14,"2020","SB2020-01",TRUE,17,"2",43,NA,NA,"4% formalin",6.627295385,6.780397436,2020-05-24,2020-06-18,45.02,-65.12,45.03,-65.11,9,11.78051004
"827","SB",2020-06-14,"2020","SB2020-01",TRUE,17,"2",43,NA,NA,"4% formalin",6.627295385,6.780397436,2020-05-24,2020-06-18,45.02,-65.12,45.03,-65.11,9,11.78051004
"828","SB",2020-06-14,"2020","SB2020-01",TRUE,17,"2",43,NA,NA,"4% formalin",6.627295385,6.780397436,2020-05-24,2020-06-18,45.02,-65.12,45.03,-65.11,9,11.78051004
"829","SB",2020-06-14,"2020","SB2020-01",TRUE,17,"2",43,NA,NA,"4% formalin",6.627295385,6.780397436,2020-05-24,2020-06-18,45.02,-65.12,45.03,-65.11,9,11.78051004
"830","SB",2020-06-14,"2020","SB2020-01",TRUE,17,"2",43,NA,NA,"4% formalin",6.627295385,6.780397436,2020-05-24,2020-06-18,45.02,-65.12,45.03,-65.11,9,11.78051004
"831","SB",2020-06-14,"2020","SB2020-01",TRUE,17,"2",43,NA,NA,"4% formalin",6.627295385,6.780397436,2020-05-24,2020-06-18,45.02,-65.12,45.03,-65.11,9,11.78051004
"832","SB",2020-06-14,"2020","SB2020-01",TRUE,17,"2",43,NA,NA,"4% formalin",6.627295385,6.780397436,2020-05-24,2020-06-18,45.02,-65.12,45.03,-65.11,9,11.78051004
"833","SB",2020-06-14,"2020","SB2020-01",TRUE,17,"2",43,NA,NA,"4% formalin",6.627295385,6.780397436,2020-05-24,2020-06-18,45.02,-65.12,45.03,-65.11,9,11.78051004
"834","SB",2020-06-14,"2020","SB2020-01",TRUE,17,"2",43,NA,NA,"4% formalin",6.627295385,6.780397436,2020-05-24,2020-06-18,45.02,-65.12,45.03,-65.11,9,11.78051004
"835","SB",2020-06-14,"2020","SB2020-01",TRUE,17,"2",43,NA,NA,"4% formalin",6.627295385,6.780397436,2020-05-24,2020-06-18,45.02,-65.12,45.03,-65.11,9,11.78051004
"836","SB",2020-06-14,"2020","SB2020-01",TRUE,17,"2",43,NA,NA,"4% formalin",6.627295385,6.780397436,2020-05-24,2020-06-18,45.02,-65.12,45.03,-65.11,9,11.78051004
"837","SB",2020-06-14,"2020","SB2020-01",TRUE,17,"2",43,NA,NA,"4% formalin",6.627295385,6.780397436,2020-05-24,2020-06-18,45.02,-65.12,45.03,-65.11,9,11.78051004
"838","SB",2020-06-14,"2020","SB2020-01",TRUE,17,"2",43,NA,NA,"4% formalin",6.627295385,6.780397436,2020-05-24,2020-06-18,45.02,-65.12,45.03,-65.11,9,11.78051004
"839","SB",2020-06-14,"2020","SB2020-02",TRUE,17,"2",43,0.002557395,16813.98277,"4% formalin",5.315232353,1.313468137,2020-06-03,2020-06-17,45.03,-65.12,45.04,-65.12708,10,4.082376488
"840","SB",2020-06-14,"2020","SB2020-02",TRUE,17,"2",43,0.002557395,16813.98277,"4% formalin",5.315232353,1.313468137,2020-06-03,2020-06-17,45.03,-65.12,45.04,-65.12708,10,4.082376488
"841","SB",2020-06-14,"2020","SB2020-02",TRUE,17,"2",43,0.002557395,16813.98277,"4% formalin",5.315232353,1.313468137,2020-06-03,2020-06-17,45.03,-65.12,45.04,-65.12708,10,4.082376488
"842","SB",2020-06-14,"2020","SB2020-02",TRUE,17,"2",43,0.002557395,16813.98277,"4% formalin",5.315232353,1.313468137,2020-06-03,2020-06-17,45.03,-65.12,45.04,-65.12708,10,4.082376488
"843","SB",2020-06-14,"2020","SB2020-02",TRUE,17,"2",43,0.002557395,16813.98277,"4% formalin",5.315232353,1.313468137,2020-06-03,2020-06-17,45.03,-65.12,45.04,-65.12708,10,4.082376488
"844","SB",2020-06-14,"2020","SB2020-02",TRUE,17,"2",43,0.002557395,16813.98277,"4% formalin",5.315232353,1.313468137,2020-06-03,2020-06-17,45.03,-65.12,45.04,-65.12708,10,4.082376488
"845","SB",2020-06-14,"2020","SB2020-02",TRUE,17,"2",43,0.002557395,16813.98277,"4% formalin",5.315232353,1.313468137,2020-06-03,2020-06-17,45.03,-65.12,45.04,-65.12708,10,4.082376488
"846","SB",2020-06-14,"2020","SB2020-02",TRUE,17,"2",43,0.002557395,16813.98277,"4% formalin",5.315232353,1.313468137,2020-06-03,2020-06-17,45.03,-65.12,45.04,-65.12708,10,4.082376488
"847","SB",2020-06-14,"2020","SB2020-02",TRUE,17,"2",43,0.002557395,16813.98277,"4% formalin",5.315232353,1.313468137,2020-06-03,2020-06-17,45.03,-65.12,45.04,-65.12708,10,4.082376488
"848","SB",2020-06-14,"2020","SB2020-02",TRUE,17,"2",43,0.002557395,16813.98277,"4% formalin",5.315232353,1.313468137,2020-06-03,2020-06-17,45.03,-65.12,45.04,-65.12708,10,4.082376488
"849","SB",2020-06-14,"2020","SB2020-02",TRUE,17,"2",43,0.002557395,16813.98277,"4% formalin",5.315232353,1.313468137,2020-06-03,2020-06-17,45.03,-65.12,45.04,-65.12708,10,4.082376488
"850","SB",2020-06-14,"2020","SB2020-02",TRUE,17,"2",43,0.002557395,16813.98277,"4% formalin",5.315232353,1.313468137,2020-06-03,2020-06-17,45.03,-65.12,45.04,-65.12708,10,4.082376488
"851","SB",2020-06-14,"2020","SB2020-02",TRUE,17,"2",43,0.002557395,16813.98277,"4% formalin",5.315232353,1.313468137,2020-06-03,2020-06-17,45.03,-65.12,45.04,-65.12708,10,4.082376488
"852","SB",2020-06-14,"2020","SB2020-02",TRUE,17,"2",43,0.002557395,16813.98277,"4% formalin",5.315232353,1.313468137,2020-06-03,2020-06-17,45.03,-65.12,45.04,-65.12708,10,4.082376488
"853","SB",2020-06-14,"2020","SB2020-02",TRUE,17,"2",43,0.002557395,16813.98277,"4% formalin",5.315232353,1.313468137,2020-06-03,2020-06-17,45.03,-65.12,45.04,-65.12708,10,4.082376488
"854","SB",2020-06-14,"2020","SB2020-02",TRUE,17,"2",43,0.002557395,16813.98277,"4% formalin",5.315232353,1.313468137,2020-06-03,2020-06-17,45.03,-65.12,45.04,-65.12708,10,4.082376488
"855","SB",2020-06-14,"2020","SB2020-02",TRUE,17,"2",43,0.002557395,16813.98277,"4% formalin",5.315232353,1.313468137,2020-06-03,2020-06-17,45.03,-65.12,45.04,-65.12708,10,4.082376488
"856","SB",2020-06-27,"2020","SB2020-03",TRUE,18,"3",23,NA,NA,"4% formalin",6.405348261,5.855617754,2020-06-03,2020-06-28,45.033333,-65.21666667,45.05,-65.2,10,4.3173
"857","SB",2020-06-27,"2020","SB2020-03",TRUE,18,"3",23,NA,NA,"4% formalin",6.405348261,5.855617754,2020-06-03,2020-06-28,45.033333,-65.21666667,45.05,-65.2,10,4.3173
"858","SB",2020-06-27,"2020","SB2020-03",TRUE,18,"3",23,NA,NA,"4% formalin",6.405348261,5.855617754,2020-06-03,2020-06-28,45.033333,-65.21666667,45.05,-65.2,10,4.3173
"859","SB",2020-06-27,"2020","SB2020-03",TRUE,18,"3",23,NA,NA,"4% formalin",6.405348261,5.855617754,2020-06-03,2020-06-28,45.033333,-65.21666667,45.05,-65.2,10,4.3173
"860","SB",2020-06-27,"2020","SB2020-03",TRUE,18,"3",23,NA,NA,"4% formalin",6.405348261,5.855617754,2020-06-03,2020-06-28,45.033333,-65.21666667,45.05,-65.2,10,4.3173
"861","SB",2020-06-27,"2020","SB2020-03",TRUE,18,"3",23,NA,NA,"4% formalin",6.405348261,5.855617754,2020-06-03,2020-06-28,45.033333,-65.21666667,45.05,-65.2,10,4.3173
"862","SB",2020-06-27,"2020","SB2020-03",TRUE,18,"3",23,NA,NA,"4% formalin",6.405348261,5.855617754,2020-06-03,2020-06-28,45.033333,-65.21666667,45.05,-65.2,10,4.3173
"863","SB",2020-06-27,"2020","SB2020-03",TRUE,18,"3",23,NA,NA,"4% formalin",6.405348261,5.855617754,2020-06-03,2020-06-28,45.033333,-65.21666667,45.05,-65.2,10,4.3173
"864","SB",2020-06-27,"2020","SB2020-03",TRUE,18,"3",23,NA,NA,"4% formalin",6.405348261,5.855617754,2020-06-03,2020-06-28,45.033333,-65.21666667,45.05,-65.2,10,4.3173
"865","SB",2020-06-27,"2020","SB2020-03",TRUE,18,"3",23,NA,NA,"4% formalin",6.405348261,5.855617754,2020-06-03,2020-06-28,45.033333,-65.21666667,45.05,-65.2,10,4.3173
"866","SB",2020-06-27,"2020","SB2020-03",TRUE,18,"3",23,NA,NA,"4% formalin",6.405348261,5.855617754,2020-06-03,2020-06-28,45.033333,-65.21666667,45.05,-65.2,10,4.3173
"867","SB",2020-06-27,"2020","SB2020-03",TRUE,18,"3",23,NA,NA,"4% formalin",6.405348261,5.855617754,2020-06-03,2020-06-28,45.033333,-65.21666667,45.05,-65.2,10,4.3173
"868","SB",2020-06-27,"2020","SB2020-03",TRUE,18,"3",23,NA,NA,"4% formalin",6.405348261,5.855617754,2020-06-03,2020-06-28,45.033333,-65.21666667,45.05,-65.2,10,4.3173
"869","SB",2020-06-27,"2020","SB2020-03",TRUE,18,"3",23,NA,NA,"4% formalin",6.405348261,5.855617754,2020-06-03,2020-06-28,45.033333,-65.21666667,45.05,-65.2,10,4.3173
"870","SB",2020-06-27,"2020","SB2020-03",TRUE,18,"3",23,NA,NA,"4% formalin",6.405348261,5.855617754,2020-06-03,2020-06-28,45.033333,-65.21666667,45.05,-65.2,10,4.3173
"871","SB",2020-06-27,"2020","SB2020-03",TRUE,18,"3",23,NA,NA,"4% formalin",6.405348261,5.855617754,2020-06-03,2020-06-28,45.033333,-65.21666667,45.05,-65.2,10,4.3173
"872","SB",2020-06-27,"2020","SB2020-03",TRUE,18,"3",23,NA,NA,"4% formalin",6.405348261,5.855617754,2020-06-03,2020-06-28,45.033333,-65.21666667,45.05,-65.2,10,4.3173
"873","SB",2020-06-27,"2020","SB2020-03",TRUE,18,"3",23,NA,NA,"4% formalin",6.405348261,5.855617754,2020-06-03,2020-06-28,45.033333,-65.21666667,45.05,-65.2,10,4.3173
"874","SB",2020-06-27,"2020","SB2020-03",TRUE,18,"3",23,NA,NA,"4% formalin",6.405348261,5.855617754,2020-06-03,2020-06-28,45.033333,-65.21666667,45.05,-65.2,10,4.3173
"875","SB",2020-06-27,"2020","SB2020-03",TRUE,18,"3",23,NA,NA,"4% formalin",6.405348261,5.855617754,2020-06-03,2020-06-28,45.033333,-65.21666667,45.05,-65.2,10,4.3173
"876","SB",2020-06-27,"2020","SB2020-03",TRUE,18,"3",23,NA,NA,"4% formalin",6.405348261,5.855617754,2020-06-03,2020-06-28,45.033333,-65.21666667,45.05,-65.2,10,4.3173
"877","SB",2020-06-27,"2020","SB2020-03",TRUE,18,"3",23,NA,NA,"4% formalin",6.405348261,5.855617754,2020-06-03,2020-06-28,45.033333,-65.21666667,45.05,-65.2,10,4.3173
"878","SB",2020-06-27,"2020","SB2020-03",TRUE,18,"3",23,NA,NA,"4% formalin",6.405348261,5.855617754,2020-06-03,2020-06-28,45.033333,-65.21666667,45.05,-65.2,10,4.3173
"879","SB",2020-08-23,"2020","SB2020-13",TRUE,19,"7",111,NA,NA,"4% formalin",7.210378378,9.20990991,2020-08-06,2020-08-23,45.0493,-65.217,45.0556,-65.209,10,7.166429793
"880","SB",2020-08-23,"2020","SB2020-13",TRUE,19,"7",111,NA,NA,"4% formalin",7.210378378,9.20990991,2020-08-06,2020-08-23,45.0493,-65.217,45.0556,-65.209,10,7.166429793
"881","SB",2020-08-23,"2020","SB2020-13",TRUE,19,"7",111,NA,NA,"4% formalin",7.210378378,9.20990991,2020-08-06,2020-08-23,45.0493,-65.217,45.0556,-65.209,10,7.166429793
"882","SB",2020-08-23,"2020","SB2020-13",TRUE,19,"7",111,NA,NA,"4% formalin",7.210378378,9.20990991,2020-08-06,2020-08-23,45.0493,-65.217,45.0556,-65.209,10,7.166429793
"883","SB",2020-08-23,"2020","SB2020-13",TRUE,19,"7",111,NA,NA,"4% formalin",7.210378378,9.20990991,2020-08-06,2020-08-23,45.0493,-65.217,45.0556,-65.209,10,7.166429793
"884","SB",2020-08-23,"2020","SB2020-13",TRUE,19,"7",111,NA,NA,"4% formalin",7.210378378,9.20990991,2020-08-06,2020-08-23,45.0493,-65.217,45.0556,-65.209,10,7.166429793
"885","SB",2020-08-23,"2020","SB2020-13",TRUE,19,"7",111,NA,NA,"4% formalin",7.210378378,9.20990991,2020-08-06,2020-08-23,45.0493,-65.217,45.0556,-65.209,10,7.166429793
"886","SB",2020-08-23,"2020","SB2020-13",TRUE,19,"7",111,NA,NA,"4% formalin",7.210378378,9.20990991,2020-08-06,2020-08-23,45.0493,-65.217,45.0556,-65.209,10,7.166429793
"887","SB",2020-08-23,"2020","SB2020-13",TRUE,19,"7",111,NA,NA,"4% formalin",7.210378378,9.20990991,2020-08-06,2020-08-23,45.0493,-65.217,45.0556,-65.209,10,7.166429793
"888","SB",2020-08-23,"2020","SB2020-13",TRUE,19,"7",111,NA,NA,"4% formalin",7.210378378,9.20990991,2020-08-06,2020-08-23,45.0493,-65.217,45.0556,-65.209,10,7.166429793
"889","SB",2020-08-23,"2020","SB2020-13",TRUE,19,"7",111,NA,NA,"4% formalin",7.210378378,9.20990991,2020-08-06,2020-08-23,45.0493,-65.217,45.0556,-65.209,10,7.166429793
"890","SB",2020-08-23,"2020","SB2020-13",TRUE,19,"7",111,NA,NA,"4% formalin",7.210378378,9.20990991,2020-08-06,2020-08-23,45.0493,-65.217,45.0556,-65.209,10,7.166429793
"891","SB",2020-08-23,"2020","SB2020-13",TRUE,19,"7",111,NA,NA,"4% formalin",7.210378378,9.20990991,2020-08-06,2020-08-23,45.0493,-65.217,45.0556,-65.209,10,7.166429793
"892","SB",2020-08-23,"2020","SB2020-13",TRUE,19,"7",111,NA,NA,"4% formalin",7.210378378,9.20990991,2020-08-06,2020-08-23,45.0493,-65.217,45.0556,-65.209,10,7.166429793
"893","SB",2020-08-23,"2020","SB2020-13",TRUE,19,"7",111,NA,NA,"4% formalin",7.210378378,9.20990991,2020-08-06,2020-08-23,45.0493,-65.217,45.0556,-65.209,10,7.166429793
"894","SB",2020-08-23,"2020","SB2020-13",TRUE,19,"7",111,NA,NA,"4% formalin",7.210378378,9.20990991,2020-08-06,2020-08-23,45.0493,-65.217,45.0556,-65.209,10,7.166429793
"895","SB",2020-08-23,"2020","SB2020-13",TRUE,19,"7",111,NA,NA,"4% formalin",7.210378378,9.20990991,2020-08-06,2020-08-23,45.0493,-65.217,45.0556,-65.209,10,7.166429793
"896","SB",2020-08-23,"2020","SB2020-13",TRUE,19,"7",111,NA,NA,"4% formalin",7.210378378,9.20990991,2020-08-06,2020-08-23,45.0493,-65.217,45.0556,-65.209,10,7.166429793
"897","SB",2020-08-23,"2020","SB2020-13",TRUE,19,"7",111,NA,NA,"4% formalin",7.210378378,9.20990991,2020-08-06,2020-08-23,45.0493,-65.217,45.0556,-65.209,10,7.166429793
"898","SB",2020-08-23,"2020","SB2020-13",TRUE,19,"7",111,NA,NA,"4% formalin",7.210378378,9.20990991,2020-08-06,2020-08-23,45.0493,-65.217,45.0556,-65.209,10,7.166429793
"899","SB",2020-08-23,"2020","SB2020-13",TRUE,19,"7",111,NA,NA,"4% formalin",7.210378378,9.20990991,2020-08-06,2020-08-23,45.0493,-65.217,45.0556,-65.209,10,7.166429793
"900","SB",2020-08-23,"2020","SB2020-13",TRUE,19,"7",111,NA,NA,"4% formalin",7.210378378,9.20990991,2020-08-06,2020-08-23,45.0493,-65.217,45.0556,-65.209,10,7.166429793
"901","SB",2020-08-23,"2020","SB2020-13",TRUE,19,"7",111,NA,NA,"4% formalin",7.210378378,9.20990991,2020-08-06,2020-08-23,45.0493,-65.217,45.0556,-65.209,10,7.166429793
"902","SB",2020-08-23,"2020","SB2020-13",TRUE,19,"7",111,NA,NA,"4% formalin",7.210378378,9.20990991,2020-08-06,2020-08-23,45.0493,-65.217,45.0556,-65.209,10,7.166429793
"903","SB",2020-08-23,"2020","SB2020-13",TRUE,19,"7",111,NA,NA,"4% formalin",7.210378378,9.20990991,2020-08-06,2020-08-23,45.0493,-65.217,45.0556,-65.209,10,7.166429793
"904","SB",2020-08-23,"2020","SB2020-13",TRUE,19,"7",111,NA,NA,"4% formalin",7.210378378,9.20990991,2020-08-06,2020-08-23,45.0493,-65.217,45.0556,-65.209,10,7.166429793
"905","SB",2020-08-23,"2020","SB2020-13",TRUE,19,"7",111,NA,NA,"4% formalin",7.210378378,9.20990991,2020-08-06,2020-08-23,45.0493,-65.217,45.0556,-65.209,10,7.166429793
"906","SB",2020-08-23,"2020","SB2020-13",TRUE,19,"7",111,NA,NA,"4% formalin",7.210378378,9.20990991,2020-08-06,2020-08-23,45.0493,-65.217,45.0556,-65.209,10,7.166429793
"907","SB",2020-08-23,"2020","SB2020-13",TRUE,19,"7",111,NA,NA,"4% formalin",7.210378378,9.20990991,2020-08-06,2020-08-23,45.0493,-65.217,45.0556,-65.209,10,7.166429793
"908","SB",2020-08-23,"2020","SB2020-13",TRUE,19,"7",111,NA,NA,"4% formalin",7.210378378,9.20990991,2020-08-06,2020-08-23,45.0493,-65.217,45.0556,-65.209,10,7.166429793
"909","SB",2020-08-23,"2020","SB2020-13",TRUE,19,"7",111,NA,NA,"4% formalin",7.210378378,9.20990991,2020-08-06,2020-08-23,45.0493,-65.217,45.0556,-65.209,10,7.166429793
"910","SB",2020-08-23,"2020","SB2020-13",TRUE,19,"7",111,NA,NA,"4% formalin",7.210378378,9.20990991,2020-08-06,2020-08-23,45.0493,-65.217,45.0556,-65.209,10,7.166429793
"911","SB",2020-08-23,"2020","SB2020-13",TRUE,19,"7",111,NA,NA,"4% formalin",7.210378378,9.20990991,2020-08-06,2020-08-23,45.0493,-65.217,45.0556,-65.209,10,7.166429793
"912","SB",2020-08-23,"2020","SB2020-13",TRUE,19,"7",111,NA,NA,"4% formalin",7.210378378,9.20990991,2020-08-06,2020-08-23,45.0493,-65.217,45.0556,-65.209,10,7.166429793
"913","SB",2020-08-23,"2020","SB2020-13",TRUE,19,"7",111,NA,NA,"4% formalin",7.210378378,9.20990991,2020-08-06,2020-08-23,45.0493,-65.217,45.0556,-65.209,10,7.166429793
"914","SB",2020-08-23,"2020","SB2020-13",TRUE,19,"7",111,NA,NA,"4% formalin",7.210378378,9.20990991,2020-08-06,2020-08-23,45.0493,-65.217,45.0556,-65.209,10,7.166429793
"915","SB",2020-08-23,"2020","SB2020-13",TRUE,19,"7",111,NA,NA,"4% formalin",7.210378378,9.20990991,2020-08-06,2020-08-23,45.0493,-65.217,45.0556,-65.209,10,7.166429793
"916","SB",2020-08-23,"2020","SB2020-13",TRUE,19,"7",111,NA,NA,"4% formalin",7.210378378,9.20990991,2020-08-06,2020-08-23,45.0493,-65.217,45.0556,-65.209,10,7.166429793
"917","SB",2020-08-23,"2020","SB2020-13",TRUE,19,"7",111,NA,NA,"4% formalin",7.210378378,9.20990991,2020-08-06,2020-08-23,45.0493,-65.217,45.0556,-65.209,10,7.166429793
"918","SB",2020-08-23,"2020","SB2020-13",TRUE,19,"7",111,NA,NA,"4% formalin",7.210378378,9.20990991,2020-08-06,2020-08-23,45.0493,-65.217,45.0556,-65.209,10,7.166429793
"919","SB",2020-08-23,"2020","SB2020-13",TRUE,19,"7",111,NA,NA,"4% formalin",7.210378378,9.20990991,2020-08-06,2020-08-23,45.0493,-65.217,45.0556,-65.209,10,7.166429793
"920","SB",2020-08-23,"2020","SB2020-13",TRUE,19,"7",111,NA,NA,"4% formalin",7.210378378,9.20990991,2020-08-06,2020-08-23,45.0493,-65.217,45.0556,-65.209,10,7.166429793
"921","SB",2020-08-23,"2020","SB2020-13",TRUE,19,"7",111,NA,NA,"4% formalin",7.210378378,9.20990991,2020-08-06,2020-08-23,45.0493,-65.217,45.0556,-65.209,10,7.166429793
"922","SB",2020-08-23,"2020","SB2020-13",TRUE,19,"7",111,NA,NA,"4% formalin",7.210378378,9.20990991,2020-08-06,2020-08-23,45.0493,-65.217,45.0556,-65.209,10,7.166429793
"923","SB",2020-08-23,"2020","SB2020-13",TRUE,19,"7",111,NA,NA,"4% formalin",7.210378378,9.20990991,2020-08-06,2020-08-23,45.0493,-65.217,45.0556,-65.209,10,7.166429793
"924","SB",2020-08-23,"2020","SB2020-13",TRUE,19,"7",111,NA,NA,"4% formalin",7.210378378,9.20990991,2020-08-06,2020-08-23,45.0493,-65.217,45.0556,-65.209,10,7.166429793
"925","SB",2020-08-23,"2020","SB2020-13",TRUE,19,"7",111,NA,NA,"4% formalin",7.210378378,9.20990991,2020-08-06,2020-08-23,45.0493,-65.217,45.0556,-65.209,10,7.166429793
"926","SB",2020-08-23,"2020","SB2020-13",TRUE,19,"7",111,NA,NA,"4% formalin",7.210378378,9.20990991,2020-08-06,2020-08-23,45.0493,-65.217,45.0556,-65.209,10,7.166429793
"927","SB",2020-08-23,"2020","SB2020-13",TRUE,19,"7",111,NA,NA,"4% formalin",7.210378378,9.20990991,2020-08-06,2020-08-23,45.0493,-65.217,45.0556,-65.209,10,7.166429793
"928","SB",2020-08-23,"2020","SB2020-13",TRUE,19,"7",111,NA,NA,"4% formalin",7.210378378,9.20990991,2020-08-06,2020-08-23,45.0493,-65.217,45.0556,-65.209,10,7.166429793
"929","SB",2020-08-23,"2020","SB2020-13",TRUE,19,"7",111,NA,NA,"4% formalin",7.210378378,9.20990991,2020-08-06,2020-08-23,45.0493,-65.217,45.0556,-65.209,10,7.166429793
"930","SB",2020-08-23,"2020","SB2020-13",TRUE,19,"7",111,NA,NA,"4% formalin",7.210378378,9.20990991,2020-08-06,2020-08-23,45.0493,-65.217,45.0556,-65.209,10,7.166429793
"931","SB",2020-08-23,"2020","SB2020-13",TRUE,19,"7",111,NA,NA,"4% formalin",7.210378378,9.20990991,2020-08-06,2020-08-23,45.0493,-65.217,45.0556,-65.209,10,7.166429793
"932","SB",2020-08-23,"2020","SB2020-13",TRUE,19,"7",111,NA,NA,"4% formalin",7.210378378,9.20990991,2020-08-06,2020-08-23,45.0493,-65.217,45.0556,-65.209,10,7.166429793
"933","SB",2020-08-23,"2020","SB2020-13",TRUE,19,"7",111,NA,NA,"4% formalin",7.210378378,9.20990991,2020-08-06,2020-08-23,45.0493,-65.217,45.0556,-65.209,10,7.166429793
"934","SB",2020-08-23,"2020","SB2020-13",TRUE,19,"7",111,NA,NA,"4% formalin",7.210378378,9.20990991,2020-08-06,2020-08-23,45.0493,-65.217,45.0556,-65.209,10,7.166429793
"935","SB",2020-08-23,"2020","SB2020-13",TRUE,19,"7",111,NA,NA,"4% formalin",7.210378378,9.20990991,2020-08-06,2020-08-23,45.0493,-65.217,45.0556,-65.209,10,7.166429793
"936","SB",2020-08-23,"2020","SB2020-13",TRUE,19,"7",111,NA,NA,"4% formalin",7.210378378,9.20990991,2020-08-06,2020-08-23,45.0493,-65.217,45.0556,-65.209,10,7.166429793
"937","SB",2020-08-23,"2020","SB2020-13",TRUE,19,"7",111,NA,NA,"4% formalin",7.210378378,9.20990991,2020-08-06,2020-08-23,45.0493,-65.217,45.0556,-65.209,10,7.166429793
"938","SB",2020-08-23,"2020","SB2020-13",TRUE,19,"7",111,NA,NA,"4% formalin",7.210378378,9.20990991,2020-08-06,2020-08-23,45.0493,-65.217,45.0556,-65.209,10,7.166429793
"939","SB",2020-08-23,"2020","SB2020-13",TRUE,19,"7",111,NA,NA,"4% formalin",7.210378378,9.20990991,2020-08-06,2020-08-23,45.0493,-65.217,45.0556,-65.209,10,7.166429793
"940","SB",2020-08-23,"2020","SB2020-13",TRUE,19,"7",111,NA,NA,"4% formalin",7.210378378,9.20990991,2020-08-06,2020-08-23,45.0493,-65.217,45.0556,-65.209,10,7.166429793
"941","SB",2020-08-23,"2020","SB2020-13",TRUE,19,"7",111,NA,NA,"4% formalin",7.210378378,9.20990991,2020-08-06,2020-08-23,45.0493,-65.217,45.0556,-65.209,10,7.166429793
"942","SB",2020-08-23,"2020","SB2020-13",TRUE,19,"7",111,NA,NA,"4% formalin",7.210378378,9.20990991,2020-08-06,2020-08-23,45.0493,-65.217,45.0556,-65.209,10,7.166429793
"943","SB",2020-08-23,"2020","SB2020-13",TRUE,19,"7",111,NA,NA,"4% formalin",7.210378378,9.20990991,2020-08-06,2020-08-23,45.0493,-65.217,45.0556,-65.209,10,7.166429793
"944","SB",2020-08-23,"2020","SB2020-13",TRUE,19,"7",111,NA,NA,"4% formalin",7.210378378,9.20990991,2020-08-06,2020-08-23,45.0493,-65.217,45.0556,-65.209,10,7.166429793
"945","SB",2020-08-23,"2020","SB2020-13",TRUE,19,"7",111,NA,NA,"4% formalin",7.210378378,9.20990991,2020-08-06,2020-08-23,45.0493,-65.217,45.0556,-65.209,10,7.166429793
"946","SB",2020-08-23,"2020","SB2020-13",TRUE,19,"7",111,NA,NA,"4% formalin",7.210378378,9.20990991,2020-08-06,2020-08-23,45.0493,-65.217,45.0556,-65.209,10,7.166429793
"947","SB",2020-08-23,"2020","SB2020-13",TRUE,19,"7",111,NA,NA,"4% formalin",7.210378378,9.20990991,2020-08-06,2020-08-23,45.0493,-65.217,45.0556,-65.209,10,7.166429793
"948","SB",2020-08-23,"2020","SB2020-13",TRUE,19,"7",111,NA,NA,"4% formalin",7.210378378,9.20990991,2020-08-06,2020-08-23,45.0493,-65.217,45.0556,-65.209,10,7.166429793
"949","SB",2020-08-23,"2020","SB2020-13",TRUE,19,"7",111,NA,NA,"4% formalin",7.210378378,9.20990991,2020-08-06,2020-08-23,45.0493,-65.217,45.0556,-65.209,10,7.166429793
"950","SB",2020-08-23,"2020","SB2020-13",TRUE,19,"7",111,NA,NA,"4% formalin",7.210378378,9.20990991,2020-08-06,2020-08-23,45.0493,-65.217,45.0556,-65.209,10,7.166429793
"951","SB",2020-08-23,"2020","SB2020-13",TRUE,19,"7",111,NA,NA,"4% formalin",7.210378378,9.20990991,2020-08-06,2020-08-23,45.0493,-65.217,45.0556,-65.209,10,7.166429793
"952","SB",2020-08-23,"2020","SB2020-13",TRUE,19,"7",111,NA,NA,"4% formalin",7.210378378,9.20990991,2020-08-06,2020-08-23,45.0493,-65.217,45.0556,-65.209,10,7.166429793
"953","SB",2020-08-23,"2020","SB2020-14",TRUE,19,"7",111,NA,NA,"4% formalin",7.264054054,9.433558559,2020-08-06,2020-08-20,45.0561,-65.204,NA,NA,15,11.60308719
"954","SB",2020-08-23,"2020","SB2020-14",TRUE,19,"7",111,NA,NA,"4% formalin",7.264054054,9.433558559,2020-08-06,2020-08-20,45.0561,-65.204,NA,NA,15,11.60308719
"955","SB",2020-08-23,"2020","SB2020-14",TRUE,19,"7",111,NA,NA,"4% formalin",7.264054054,9.433558559,2020-08-06,2020-08-20,45.0561,-65.204,NA,NA,15,11.60308719
"956","SB",2020-08-23,"2020","SB2020-14",TRUE,19,"7",111,NA,NA,"4% formalin",7.264054054,9.433558559,2020-08-06,2020-08-20,45.0561,-65.204,NA,NA,15,11.60308719
"957","SB",2020-08-23,"2020","SB2020-14",TRUE,19,"7",111,NA,NA,"4% formalin",7.264054054,9.433558559,2020-08-06,2020-08-20,45.0561,-65.204,NA,NA,15,11.60308719
"958","SB",2020-08-23,"2020","SB2020-14",TRUE,19,"7",111,NA,NA,"4% formalin",7.264054054,9.433558559,2020-08-06,2020-08-20,45.0561,-65.204,NA,NA,15,11.60308719
"959","SB",2020-08-23,"2020","SB2020-14",TRUE,19,"7",111,NA,NA,"4% formalin",7.264054054,9.433558559,2020-08-06,2020-08-20,45.0561,-65.204,NA,NA,15,11.60308719
"960","SB",2020-08-23,"2020","SB2020-14",TRUE,19,"7",111,NA,NA,"4% formalin",7.264054054,9.433558559,2020-08-06,2020-08-20,45.0561,-65.204,NA,NA,15,11.60308719
"961","SB",2020-08-23,"2020","SB2020-14",TRUE,19,"7",111,NA,NA,"4% formalin",7.264054054,9.433558559,2020-08-06,2020-08-20,45.0561,-65.204,NA,NA,15,11.60308719
"962","SB",2020-08-23,"2020","SB2020-14",TRUE,19,"7",111,NA,NA,"4% formalin",7.264054054,9.433558559,2020-08-06,2020-08-20,45.0561,-65.204,NA,NA,15,11.60308719
"963","SB",2020-08-23,"2020","SB2020-14",TRUE,19,"7",111,NA,NA,"4% formalin",7.264054054,9.433558559,2020-08-06,2020-08-20,45.0561,-65.204,NA,NA,15,11.60308719
"964","SB",2020-08-23,"2020","SB2020-14",TRUE,19,"7",111,NA,NA,"4% formalin",7.264054054,9.433558559,2020-08-06,2020-08-20,45.0561,-65.204,NA,NA,15,11.60308719
"965","SB",2020-08-23,"2020","SB2020-14",TRUE,19,"7",111,NA,NA,"4% formalin",7.264054054,9.433558559,2020-08-06,2020-08-20,45.0561,-65.204,NA,NA,15,11.60308719
"966","SB",2020-08-23,"2020","SB2020-14",TRUE,19,"7",111,NA,NA,"4% formalin",7.264054054,9.433558559,2020-08-06,2020-08-20,45.0561,-65.204,NA,NA,15,11.60308719
"967","SB",2020-08-23,"2020","SB2020-14",TRUE,19,"7",111,NA,NA,"4% formalin",7.264054054,9.433558559,2020-08-06,2020-08-20,45.0561,-65.204,NA,NA,15,11.60308719
"968","SB",2020-08-23,"2020","SB2020-14",TRUE,19,"7",111,NA,NA,"4% formalin",7.264054054,9.433558559,2020-08-06,2020-08-20,45.0561,-65.204,NA,NA,15,11.60308719
"969","SB",2020-08-23,"2020","SB2020-14",TRUE,19,"7",111,NA,NA,"4% formalin",7.264054054,9.433558559,2020-08-06,2020-08-20,45.0561,-65.204,NA,NA,15,11.60308719
"970","SB",2020-08-23,"2020","SB2020-14",TRUE,19,"7",111,NA,NA,"4% formalin",7.264054054,9.433558559,2020-08-06,2020-08-20,45.0561,-65.204,NA,NA,15,11.60308719
"971","SB",2020-08-23,"2020","SB2020-14",TRUE,19,"7",111,NA,NA,"4% formalin",7.264054054,9.433558559,2020-08-06,2020-08-20,45.0561,-65.204,NA,NA,15,11.60308719
"972","SB",2020-08-23,"2020","SB2020-14",TRUE,19,"7",111,NA,NA,"4% formalin",7.264054054,9.433558559,2020-08-06,2020-08-20,45.0561,-65.204,NA,NA,15,11.60308719
"973","SB",2020-08-23,"2020","SB2020-14",TRUE,19,"7",111,NA,NA,"4% formalin",7.264054054,9.433558559,2020-08-06,2020-08-20,45.0561,-65.204,NA,NA,15,11.60308719
"974","SB",2020-08-23,"2020","SB2020-14",TRUE,19,"7",111,NA,NA,"4% formalin",7.264054054,9.433558559,2020-08-06,2020-08-20,45.0561,-65.204,NA,NA,15,11.60308719
"975","SB",2020-08-23,"2020","SB2020-14",TRUE,19,"7",111,NA,NA,"4% formalin",7.264054054,9.433558559,2020-08-06,2020-08-20,45.0561,-65.204,NA,NA,15,11.60308719
"976","SB",2020-08-23,"2020","SB2020-14",TRUE,19,"7",111,NA,NA,"4% formalin",7.264054054,9.433558559,2020-08-06,2020-08-20,45.0561,-65.204,NA,NA,15,11.60308719
"977","SB",2020-08-23,"2020","SB2020-14",TRUE,19,"7",111,NA,NA,"4% formalin",7.264054054,9.433558559,2020-08-06,2020-08-20,45.0561,-65.204,NA,NA,15,11.60308719
"978","SB",2020-08-23,"2020","SB2020-14",TRUE,19,"7",111,NA,NA,"4% formalin",7.264054054,9.433558559,2020-08-06,2020-08-20,45.0561,-65.204,NA,NA,15,11.60308719
"979","SB",2020-08-23,"2020","SB2020-14",TRUE,19,"7",111,NA,NA,"4% formalin",7.264054054,9.433558559,2020-08-06,2020-08-20,45.0561,-65.204,NA,NA,15,11.60308719
"980","SB",2020-08-23,"2020","SB2020-14",TRUE,19,"7",111,NA,NA,"4% formalin",7.264054054,9.433558559,2020-08-06,2020-08-20,45.0561,-65.204,NA,NA,15,11.60308719
"981","SB",2020-08-23,"2020","SB2020-14",TRUE,19,"7",111,NA,NA,"4% formalin",7.264054054,9.433558559,2020-08-06,2020-08-20,45.0561,-65.204,NA,NA,15,11.60308719
"982","SB",2020-08-23,"2020","SB2020-14",TRUE,19,"7",111,NA,NA,"4% formalin",7.264054054,9.433558559,2020-08-06,2020-08-20,45.0561,-65.204,NA,NA,15,11.60308719
"983","SB",2020-08-23,"2020","SB2020-14",TRUE,19,"7",111,NA,NA,"4% formalin",7.264054054,9.433558559,2020-08-06,2020-08-20,45.0561,-65.204,NA,NA,15,11.60308719
"984","SB",2020-08-23,"2020","SB2020-14",TRUE,19,"7",111,NA,NA,"4% formalin",7.264054054,9.433558559,2020-08-06,2020-08-20,45.0561,-65.204,NA,NA,15,11.60308719
"985","SB",2020-08-23,"2020","SB2020-14",TRUE,19,"7",111,NA,NA,"4% formalin",7.264054054,9.433558559,2020-08-06,2020-08-20,45.0561,-65.204,NA,NA,15,11.60308719
"986","SB",2020-08-23,"2020","SB2020-14",TRUE,19,"7",111,NA,NA,"4% formalin",7.264054054,9.433558559,2020-08-06,2020-08-20,45.0561,-65.204,NA,NA,15,11.60308719
"987","SB",2020-08-23,"2020","SB2020-14",TRUE,19,"7",111,NA,NA,"4% formalin",7.264054054,9.433558559,2020-08-06,2020-08-20,45.0561,-65.204,NA,NA,15,11.60308719
"988","SB",2020-08-23,"2020","SB2020-14",TRUE,19,"7",111,NA,NA,"4% formalin",7.264054054,9.433558559,2020-08-06,2020-08-20,45.0561,-65.204,NA,NA,15,11.60308719
"989","SB",2020-08-23,"2020","SB2020-14",TRUE,19,"7",111,NA,NA,"4% formalin",7.264054054,9.433558559,2020-08-06,2020-08-20,45.0561,-65.204,NA,NA,15,11.60308719
"990","SB",2021-06-05,"2021","SB2021-02",TRUE,20,"2",14,0.003331816,4201.912788,"4% formalin",8.666982857,15.27909524,2021-05-11,2021-05-28,45.049167,-65.193056,45.019444,-65.229722,10,2.701314023
"991","SB",2021-06-05,"2021","SB2021-02",TRUE,20,"2",14,0.003331816,4201.912788,"4% formalin",8.666982857,15.27909524,2021-05-11,2021-05-28,45.049167,-65.193056,45.019444,-65.229722,10,2.701314023
"992","SB",2021-06-05,"2021","SB2021-02",TRUE,20,"2",14,0.003331816,4201.912788,"4% formalin",8.666982857,15.27909524,2021-05-11,2021-05-28,45.049167,-65.193056,45.019444,-65.229722,10,2.701314023
"993","SB",2021-06-05,"2021","SB2021-02",TRUE,20,"2",14,0.003331816,4201.912788,"4% formalin",8.666982857,15.27909524,2021-05-11,2021-05-28,45.049167,-65.193056,45.019444,-65.229722,10,2.701314023
"994","SB",2021-06-05,"2021","SB2021-02",TRUE,20,"2",14,0.003331816,4201.912788,"4% formalin",8.666982857,15.27909524,2021-05-11,2021-05-28,45.049167,-65.193056,45.019444,-65.229722,10,2.701314023
"995","SB",2021-06-05,"2021","SB2021-02",TRUE,20,"2",14,0.003331816,4201.912788,"4% formalin",8.666982857,15.27909524,2021-05-11,2021-05-28,45.049167,-65.193056,45.019444,-65.229722,10,2.701314023
"996","SB",2021-06-05,"2021","SB2021-02",TRUE,20,"2",14,0.003331816,4201.912788,"4% formalin",8.666982857,15.27909524,2021-05-11,2021-05-28,45.049167,-65.193056,45.019444,-65.229722,10,2.701314023
"997","SB",2021-06-05,"2021","SB2021-02",TRUE,20,"2",14,0.003331816,4201.912788,"4% formalin",8.666982857,15.27909524,2021-05-11,2021-05-28,45.049167,-65.193056,45.019444,-65.229722,10,2.701314023
"998","SB",2021-06-05,"2021","SB2021-02",TRUE,20,"2",14,0.003331816,4201.912788,"4% formalin",8.666982857,15.27909524,2021-05-11,2021-05-28,45.049167,-65.193056,45.019444,-65.229722,10,2.701314023
"999","SB",2021-06-05,"2021","SB2021-02",TRUE,20,"2",14,0.003331816,4201.912788,"4% formalin",8.666982857,15.27909524,2021-05-11,2021-05-28,45.049167,-65.193056,45.019444,-65.229722,10,2.701314023
"1000","SB",2021-06-05,"2021","SB2021-02",TRUE,20,"2",14,0.003331816,4201.912788,"4% formalin",8.666982857,15.27909524,2021-05-11,2021-05-28,45.049167,-65.193056,45.019444,-65.229722,10,2.701314023
"1001","SB",2021-06-05,"2021","SB2021-02",TRUE,20,"2",14,0.003331816,4201.912788,"4% formalin",8.666982857,15.27909524,2021-05-11,2021-05-28,45.049167,-65.193056,45.019444,-65.229722,10,2.701314023
"1002","SB",2021-06-05,"2021","SB2021-02",TRUE,20,"2",14,0.003331816,4201.912788,"4% formalin",8.666982857,15.27909524,2021-05-11,2021-05-28,45.049167,-65.193056,45.019444,-65.229722,10,2.701314023
"1003","SB",2021-06-05,"2021","SB2021-02",TRUE,20,"2",14,0.003331816,4201.912788,"4% formalin",8.666982857,15.27909524,2021-05-11,2021-05-28,45.049167,-65.193056,45.019444,-65.229722,10,2.701314023
"1004","SB",2021-08-01,"2021","SB2021-07",TRUE,21,"6",3,0.000660581,4541.456179,"4% formalin",11.32113,26.33804167,2021-06-28,2021-07-11,45.05266667,-65.1855,45.0485,-65.3175,10,12.2
"1005","SB",2021-08-01,"2021","SB2021-07",TRUE,21,"6",3,0.000660581,4541.456179,"4% formalin",11.32113,26.33804167,2021-06-28,2021-07-11,45.05266667,-65.1855,45.0485,-65.3175,10,12.2
"1006","SB",2021-08-01,"2021","SB2021-07",TRUE,21,"6",3,0.000660581,4541.456179,"4% formalin",11.32113,26.33804167,2021-06-28,2021-07-11,45.05266667,-65.1855,45.0485,-65.3175,10,12.2
"1007","SB",2021-08-15,"2021","SB2021-09",TRUE,22,"7",1,0.000272877,3664.654174,"4% formalin",9.98058,20.75241667,2021-07-25,2021-07-25,45.0529,-65.20073333,45.05166667,-65.22116667,10,22
"1008","SB",2021-08-29,"2021","SB2021-10",TRUE,23,"8",3,0.000927081,3235.961647,"4% formalin",11.40057,26.66904167,2021-07-27,2021-08-07,45.03585,-65.23183333,45.05263333,-65.2,11,5.9
"1009","SB",2021-08-29,"2021","SB2021-10",TRUE,23,"8",3,0.000927081,3235.961647,"4% formalin",11.40057,26.66904167,2021-07-27,2021-08-07,45.03585,-65.23183333,45.05263333,-65.2,11,5.9
"1010","SB",2021-08-29,"2021","SB2021-11",TRUE,23,"8",3,0.001193523,2513.566619,"4% formalin",12.52266,31.34441667,2021-07-28,2021-07-28,45.05701667,-65.202,45.05226667,-65.22106667,11,12
"1011","SB",2021-09-13,"2021","SB2021-12",TRUE,24,"9",2,NA,NA,"4% formalin",18.01395,54.22479167,2021-07-20,2021-07-20,45.045,-65.2,45.054,-65.196,10,10.6
"1012","SB",2021-09-13,"2021","SB2021-13",TRUE,24,"9",2,NA,NA,"4% formalin",17.02095,50.08729167,2021-07-24,2021-07-24,45.05,-65.196,45.05,-65.2,11,14.7
"1013","SB",2021-09-26,"2021","SB2021-14",TRUE,25,"10",27,NA,NA,"4% formalin",15.25772739,42.7405308,2021-08-01,2021-08-23,45.0506,-65.217,45,-65.2,12,11.3
"1014","SB",2021-09-26,"2021","SB2021-14",TRUE,25,"10",27,NA,NA,"4% formalin",15.25772739,42.7405308,2021-08-01,2021-08-23,45.0506,-65.217,45,-65.2,12,11.3
"1015","SB",2021-09-26,"2021","SB2021-14",TRUE,25,"10",27,NA,NA,"4% formalin",15.25772739,42.7405308,2021-08-01,2021-08-23,45.0506,-65.217,45,-65.2,12,11.3
"1016","SB",2021-09-26,"2021","SB2021-14",TRUE,25,"10",27,NA,NA,"4% formalin",15.25772739,42.7405308,2021-08-01,2021-08-23,45.0506,-65.217,45,-65.2,12,11.3
"1017","SB",2021-09-26,"2021","SB2021-14",TRUE,25,"10",27,NA,NA,"4% formalin",15.25772739,42.7405308,2021-08-01,2021-08-23,45.0506,-65.217,45,-65.2,12,11.3
"1018","SB",2021-09-26,"2021","SB2021-14",TRUE,25,"10",27,NA,NA,"4% formalin",15.25772739,42.7405308,2021-08-01,2021-08-23,45.0506,-65.217,45,-65.2,12,11.3
"1019","SB",2021-09-26,"2021","SB2021-14",TRUE,25,"10",27,NA,NA,"4% formalin",15.25772739,42.7405308,2021-08-01,2021-08-23,45.0506,-65.217,45,-65.2,12,11.3
"1020","SB",2021-09-26,"2021","SB2021-14",TRUE,25,"10",27,NA,NA,"4% formalin",15.25772739,42.7405308,2021-08-01,2021-08-23,45.0506,-65.217,45,-65.2,12,11.3
"1021","SB",2021-09-26,"2021","SB2021-14",TRUE,25,"10",27,NA,NA,"4% formalin",15.25772739,42.7405308,2021-08-01,2021-08-23,45.0506,-65.217,45,-65.2,12,11.3
"1022","SB",2021-09-26,"2021","SB2021-14",TRUE,25,"10",27,NA,NA,"4% formalin",15.25772739,42.7405308,2021-08-01,2021-08-23,45.0506,-65.217,45,-65.2,12,11.3
"1023","SB",2021-09-26,"2021","SB2021-14",TRUE,25,"10",27,NA,NA,"4% formalin",15.25772739,42.7405308,2021-08-01,2021-08-23,45.0506,-65.217,45,-65.2,12,11.3
"1024","SB",2021-09-26,"2021","SB2021-14",TRUE,25,"10",27,NA,NA,"4% formalin",15.25772739,42.7405308,2021-08-01,2021-08-23,45.0506,-65.217,45,-65.2,12,11.3
"1025","SB",2021-09-26,"2021","SB2021-14",TRUE,25,"10",27,NA,NA,"4% formalin",15.25772739,42.7405308,2021-08-01,2021-08-23,45.0506,-65.217,45,-65.2,12,11.3
"1026","SB",2021-09-26,"2021","SB2021-14",TRUE,25,"10",27,NA,NA,"4% formalin",15.25772739,42.7405308,2021-08-01,2021-08-23,45.0506,-65.217,45,-65.2,12,11.3
"1027","SB",2021-09-26,"2021","SB2021-14",TRUE,25,"10",27,NA,NA,"4% formalin",15.25772739,42.7405308,2021-08-01,2021-08-23,45.0506,-65.217,45,-65.2,12,11.3
"1028","SB",2021-09-26,"2021","SB2021-14",TRUE,25,"10",27,NA,NA,"4% formalin",15.25772739,42.7405308,2021-08-01,2021-08-23,45.0506,-65.217,45,-65.2,12,11.3
"1029","SB",2021-09-26,"2021","SB2021-14",TRUE,25,"10",27,NA,NA,"4% formalin",15.25772739,42.7405308,2021-08-01,2021-08-23,45.0506,-65.217,45,-65.2,12,11.3
"1030","SB",2021-09-26,"2021","SB2021-14",TRUE,25,"10",27,NA,NA,"4% formalin",15.25772739,42.7405308,2021-08-01,2021-08-23,45.0506,-65.217,45,-65.2,12,11.3
"1031","SB",2021-09-26,"2021","SB2021-14",TRUE,25,"10",27,NA,NA,"4% formalin",15.25772739,42.7405308,2021-08-01,2021-08-23,45.0506,-65.217,45,-65.2,12,11.3
"1032","SB",2021-09-26,"2021","SB2021-14",TRUE,25,"10",27,NA,NA,"4% formalin",15.25772739,42.7405308,2021-08-01,2021-08-23,45.0506,-65.217,45,-65.2,12,11.3
"1033","SB",2021-09-26,"2021","SB2021-14",TRUE,25,"10",27,NA,NA,"4% formalin",15.25772739,42.7405308,2021-08-01,2021-08-23,45.0506,-65.217,45,-65.2,12,11.3
"1034","SB",2021-09-26,"2021","SB2021-14",TRUE,25,"10",27,NA,NA,"4% formalin",15.25772739,42.7405308,2021-08-01,2021-08-23,45.0506,-65.217,45,-65.2,12,11.3
"1035","SB",2021-09-26,"2021","SB2021-14",TRUE,25,"10",27,NA,NA,"4% formalin",15.25772739,42.7405308,2021-08-01,2021-08-23,45.0506,-65.217,45,-65.2,12,11.3
"1036","SB",2021-09-26,"2021","SB2021-15",TRUE,25,"10",27,NA,NA,"4% formalin",17.1574875,50.65619792,2021-07-29,2021-08-13,45.05,-65.2,45.035,-65.21,11,19.6
"1037","SB",2021-09-26,"2021","SB2021-15",TRUE,25,"10",27,NA,NA,"4% formalin",17.1574875,50.65619792,2021-07-29,2021-08-13,45.05,-65.2,45.035,-65.21,11,19.6
"1038","SB",2021-09-26,"2021","SB2021-15",TRUE,25,"10",27,NA,NA,"4% formalin",17.1574875,50.65619792,2021-07-29,2021-08-13,45.05,-65.2,45.035,-65.21,11,19.6
"1039","SB",2021-09-26,"2021","SB2021-15",TRUE,25,"10",27,NA,NA,"4% formalin",17.1574875,50.65619792,2021-07-29,2021-08-13,45.05,-65.2,45.035,-65.21,11,19.6
"1040","SI",2019-10-13,"2019","SI2019-01",TRUE,16,"5",25,0.000420751,59417.56089,"4% formalin",8.038644375,12.66101823,2019-09-08,2019-10-11,43.50988333,-66.08818333,43.5013,-66.08601667,5,NA
"1041","SI",2019-10-13,"2019","SI2019-01",TRUE,16,"5",25,0.000420751,59417.56089,"4% formalin",8.038644375,12.66101823,2019-09-08,2019-10-11,43.50988333,-66.08818333,43.5013,-66.08601667,5,NA
"1042","SI",2019-10-13,"2019","SI2019-01",TRUE,16,"5",25,0.000420751,59417.56089,"4% formalin",8.038644375,12.66101823,2019-09-08,2019-10-11,43.50988333,-66.08818333,43.5013,-66.08601667,5,NA
"1043","SI",2019-10-13,"2019","SI2019-01",TRUE,16,"5",25,0.000420751,59417.56089,"4% formalin",8.038644375,12.66101823,2019-09-08,2019-10-11,43.50988333,-66.08818333,43.5013,-66.08601667,5,NA
"1044","SI",2019-10-13,"2019","SI2019-01",TRUE,16,"5",25,0.000420751,59417.56089,"4% formalin",8.038644375,12.66101823,2019-09-08,2019-10-11,43.50988333,-66.08818333,43.5013,-66.08601667,5,NA
"1045","SI",2019-10-13,"2019","SI2019-01",TRUE,16,"5",25,0.000420751,59417.56089,"4% formalin",8.038644375,12.66101823,2019-09-08,2019-10-11,43.50988333,-66.08818333,43.5013,-66.08601667,5,NA
"1046","SI",2019-10-13,"2019","SI2019-01",TRUE,16,"5",25,0.000420751,59417.56089,"4% formalin",8.038644375,12.66101823,2019-09-08,2019-10-11,43.50988333,-66.08818333,43.5013,-66.08601667,5,NA
"1047","SI",2019-10-13,"2019","SI2019-01",TRUE,16,"5",25,0.000420751,59417.56089,"4% formalin",8.038644375,12.66101823,2019-09-08,2019-10-11,43.50988333,-66.08818333,43.5013,-66.08601667,5,NA
"1048","SI",2019-10-13,"2019","SI2019-01",TRUE,16,"5",25,0.000420751,59417.56089,"4% formalin",8.038644375,12.66101823,2019-09-08,2019-10-11,43.50988333,-66.08818333,43.5013,-66.08601667,5,NA
"1049","SI",2019-10-13,"2019","SI2019-01",TRUE,16,"5",25,0.000420751,59417.56089,"4% formalin",8.038644375,12.66101823,2019-09-08,2019-10-11,43.50988333,-66.08818333,43.5013,-66.08601667,5,NA
"1050","SI",2019-10-13,"2019","SI2019-01",TRUE,16,"5",25,0.000420751,59417.56089,"4% formalin",8.038644375,12.66101823,2019-09-08,2019-10-11,43.50988333,-66.08818333,43.5013,-66.08601667,5,NA
"1051","SI",2019-10-13,"2019","SI2019-01",TRUE,16,"5",25,0.000420751,59417.56089,"4% formalin",8.038644375,12.66101823,2019-09-08,2019-10-11,43.50988333,-66.08818333,43.5013,-66.08601667,5,NA
"1052","SI",2019-10-13,"2019","SI2019-01",TRUE,16,"5",25,0.000420751,59417.56089,"4% formalin",8.038644375,12.66101823,2019-09-08,2019-10-11,43.50988333,-66.08818333,43.5013,-66.08601667,5,NA
"1053","SI",2019-10-13,"2019","SI2019-01",TRUE,16,"5",25,0.000420751,59417.56089,"4% formalin",8.038644375,12.66101823,2019-09-08,2019-10-11,43.50988333,-66.08818333,43.5013,-66.08601667,5,NA
"1054","SI",2019-10-13,"2019","SI2019-01",TRUE,16,"5",25,0.000420751,59417.56089,"4% formalin",8.038644375,12.66101823,2019-09-08,2019-10-11,43.50988333,-66.08818333,43.5013,-66.08601667,5,NA
"1055","SI",2019-10-13,"2019","SI2019-01",TRUE,16,"5",25,0.000420751,59417.56089,"4% formalin",8.038644375,12.66101823,2019-09-08,2019-10-11,43.50988333,-66.08818333,43.5013,-66.08601667,5,NA
"1056","SI",2019-10-13,"2019","SI2019-02",TRUE,16,"5",25,NA,NA,"70% alcohol",8.537405556,14.73918981,2019-09-12,2019-10-18,43.5003,-66.09261667,43.5092,-66.09168333,8,NA
"1057","SI",2019-10-13,"2019","SI2019-02",TRUE,16,"5",25,NA,NA,"70% alcohol",8.537405556,14.73918981,2019-09-12,2019-10-18,43.5003,-66.09261667,43.5092,-66.09168333,8,NA
"1058","SI",2019-10-13,"2019","SI2019-02",TRUE,16,"5",25,NA,NA,"70% alcohol",8.537405556,14.73918981,2019-09-12,2019-10-18,43.5003,-66.09261667,43.5092,-66.09168333,8,NA
"1059","SI",2019-10-13,"2019","SI2019-02",TRUE,16,"5",25,NA,NA,"70% alcohol",8.537405556,14.73918981,2019-09-12,2019-10-18,43.5003,-66.09261667,43.5092,-66.09168333,8,NA
"1060","SI",2019-10-13,"2019","SI2019-02",TRUE,16,"5",25,NA,NA,"70% alcohol",8.537405556,14.73918981,2019-09-12,2019-10-18,43.5003,-66.09261667,43.5092,-66.09168333,8,NA
"1061","SI",2019-10-13,"2019","SI2019-02",TRUE,16,"5",25,NA,NA,"70% alcohol",8.537405556,14.73918981,2019-09-12,2019-10-18,43.5003,-66.09261667,43.5092,-66.09168333,8,NA
"1062","SI",2019-10-13,"2019","SI2019-02",TRUE,16,"5",25,NA,NA,"70% alcohol",8.537405556,14.73918981,2019-09-12,2019-10-18,43.5003,-66.09261667,43.5092,-66.09168333,8,NA
"1063","SI",2019-10-13,"2019","SI2019-02",TRUE,16,"5",25,NA,NA,"70% alcohol",8.537405556,14.73918981,2019-09-12,2019-10-18,43.5003,-66.09261667,43.5092,-66.09168333,8,NA
"1064","SI",2019-10-13,"2019","SI2019-02",TRUE,16,"5",25,NA,NA,"70% alcohol",8.537405556,14.73918981,2019-09-12,2019-10-18,43.5003,-66.09261667,43.5092,-66.09168333,8,NA
